4709 481 321
253 62 3 1
254 62 3 1
255 62 3 1
256 62 3 1
257 62 3 1
258 62 3 1
259 62 3 1
40 250 11 0
41 250 11 0
42 250 11 0
43 250 11 0
44 250 11 0
45 250 11 0
46 250 11 0
97 78 7 0
98 78 7 0
99 78 7 0
100 78 7 0
101 78 7 0
102 78 7 0
103 78 7 0
104 78 7 0
66 125 7 0
67 125 7 0
68 125 7 0
69 125 7 0
70 125 7 0
71 125 7 0
72 125 7 0
309 62 9 0
310 62 9 0
311 62 9 0
312 62 9 0
257 109 4 1
313 62 9 0
258 109 4 1
314 62 9 0
259 109 4 1
315 62 9 0
260 109 4 1
316 62 9 0
261 109 4 1
317 62 9 0
262 109 4 1
318 62 9 0
263 109 4 1
214 31 8 0
215 31 8 0
216 31 8 0
217 31 8 0
296 234 12 0
218 31 8 0
297 234 12 0
241 281 12 0
219 31 8 0
298 234 12 0
242 281 12 0
220 31 8 0
299 234 12 0
243 281 12 0
221 31 8 0
300 234 12 0
244 281 12 0
222 31 8 0
301 234 12 0
245 281 12 0
223 31 8 0
302 234 12 0
246 281 12 0
224 31 8 0
303 234 12 0
247 281 12 0
225 31 8 0
304 234 12 0
248 281 12 0
226 31 8 0
305 234 12 0
249 281 12 0
227 31 8 0
306 234 12 0
228 31 8 0
307 234 12 0
229 31 8 0
308 234 12 0
230 31 8 0
309 234 12 0
231 31 8 0
310 234 12 0
232 31 8 0
311 234 12 0
312 234 12 0
313 234 12 0
314 234 12 0
315 234 12 0
316 234 12 0
317 234 12 0
318 234 12 0
319 234 12 0
320 234 12 0
321 234 12 0
322 234 12 0
323 234 12 0
324 234 12 0
325 234 12 0
326 234 12 0
327 234 12 0
90 172 2 1
91 172 2 1
92 172 2 1
93 172 2 1
94 172 2 1
95 172 2 1
96 172 2 1
208 78 3 1
209 78 3 1
210 78 3 1
211 78 3 1
212 78 3 1
213 78 3 1
214 78 3 1
215 78 3 1
216 78 3 1
217 78 3 1
218 78 3 1
219 78 3 1
220 78 3 1
221 78 3 1
222 78 3 1
223 78 3 1
224 78 3 1
225 78 3 1
226 78 3 1
227 78 3 1
228 78 3 1
229 78 3 1
230 78 3 1
231 78 3 1
232 78 3 1
233 78 3 1
234 78 3 1
235 78 3 1
236 78 3 1
237 78 3 1
238 78 3 1
239 78 3 1
240 78 3 1
241 78 3 1
242 78 3 1
243 78 3 1
244 78 3 1
302 31 9 0
303 31 9 0
304 31 9 0
305 31 9 0
306 31 9 0
307 31 9 0
308 31 9 0
84 94 7 0
85 94 7 0
86 94 7 0
87 94 7 0
155 172 14 0
88 94 7 0
156 172 14 0
89 94 7 0
157 172 14 0
90 94 7 0
158 172 14 0
91 94 7 0
159 172 14 0
92 94 7 0
160 172 14 0
48 266 11 0
283 203 6 1
161 172 14 0
49 266 11 0
284 203 6 1
50 266 11 0
285 203 6 1
51 266 11 0
286 203 6 1
52 266 11 0
287 203 6 1
53 266 11 0
54 266 11 0
55 141 7 0
56 141 7 0
57 141 7 0
58 141 7 0
59 141 7 0
60 141 7 0
61 141 7 0
62 141 7 0
323 203 12 0
324 203 12 0
325 203 12 0
326 203 12 0
327 203 12 0
328 203 12 0
329 203 12 0
263 125 4 1
264 125 4 1
265 125 4 1
266 125 4 1
278 250 12 0
267 125 4 1
279 250 12 0
268 125 4 1
280 250 12 0
269 125 4 1
281 250 12 0
282 250 12 0
283 250 12 0
284 250 12 0
285 250 12 0
286 250 12 0
186 219 5 1
187 219 5 1
188 219 5 1
189 219 5 1
122 141 2 1
190 219 5 1
123 141 2 1
191 219 5 1
124 141 2 1
192 219 5 1
125 141 2 1
126 141 2 1
127 141 2 1
128 141 2 1
129 141 2 1
130 141 2 1
131 141 2 1
132 141 2 1
133 141 2 1
134 141 2 1
135 141 2 1
136 141 2 1
137 141 2 1
138 141 2 1
139 141 2 1
140 141 2 1
141 141 2 1
87 188 2 1
88 188 2 1
89 188 2 1
34 235 11 0
90 188 2 1
35 235 11 0
91 188 2 1
36 235 11 0
92 188 2 1
37 235 11 0
93 188 2 1
38 235 11 0
39 235 11 0
306 47 9 0
307 47 9 0
308 47 9 0
74 110 7 0
309 47 9 0
75 110 7 0
254 94 4 1
310 47 9 0
76 110 7 0
311 47 9 0
77 110 7 0
312 47 9 0
78 110 7 0
79 110 7 0
80 110 7 0
281 219 6 1
44 157 7 0
45 157 7 0
46 157 7 0
47 157 7 0
48 157 7 0
49 157 7 0
50 157 7 0
51 157 7 0
260 266 12 0
261 266 12 0
262 266 12 0
263 266 12 0
264 266 12 0
265 266 12 0
266 266 12 0
323 219 12 0
267 266 12 0
324 219 12 0
268 266 12 0
325 219 12 0
269 266 12 0
326 219 12 0
327 219 12 0
328 219 12 0
329 219 12 0
96 157 2 1
97 157 2 1
98 157 2 1
99 157 2 1
100 157 2 1
101 157 2 1
102 157 2 1
252 63 3 1
253 63 3 1
254 63 3 1
255 63 3 1
256 63 3 1
257 63 3 1
258 63 3 1
41 251 11 0
42 251 11 0
43 251 11 0
44 251 11 0
45 251 11 0
46 251 11 0
47 251 11 0
96 79 7 0
97 79 7 0
98 79 7 0
99 79 7 0
100 79 7 0
101 79 7 0
102 79 7 0
103 79 7 0
65 126 7 0
66 126 7 0
67 126 7 0
68 126 7 0
69 126 7 0
70 126 7 0
71 126 7 0
72 126 7 0
310 63 9 0
311 63 9 0
312 63 9 0
257 110 4 1
313 63 9 0
258 110 4 1
314 63 9 0
259 110 4 1
315 63 9 0
260 110 4 1
316 63 9 0
261 110 4 1
317 63 9 0
262 110 4 1
263 110 4 1
215 32 8 0
216 32 8 0
295 235 12 0
217 32 8 0
296 235 12 0
240 282 12 0
218 32 8 0
297 235 12 0
241 282 12 0
219 32 8 0
298 235 12 0
242 282 12 0
220 32 8 0
299 235 12 0
243 282 12 0
221 32 8 0
300 235 12 0
244 282 12 0
222 32 8 0
301 235 12 0
245 282 12 0
223 32 8 0
302 235 12 0
246 282 12 0
224 32 8 0
303 235 12 0
247 282 12 0
225 32 8 0
304 235 12 0
248 282 12 0
226 32 8 0
305 235 12 0
227 32 8 0
306 235 12 0
228 32 8 0
307 235 12 0
229 32 8 0
308 235 12 0
230 32 8 0
309 235 12 0
310 235 12 0
311 235 12 0
312 235 12 0
313 235 12 0
314 235 12 0
315 235 12 0
316 235 12 0
317 235 12 0
318 235 12 0
319 235 12 0
320 235 12 0
321 235 12 0
322 235 12 0
323 235 12 0
324 235 12 0
325 235 12 0
326 235 12 0
89 173 2 1
90 173 2 1
91 173 2 1
92 173 2 1
93 173 2 1
94 173 2 1
95 173 2 1
209 79 3 1
210 79 3 1
211 79 3 1
212 79 3 1
213 79 3 1
214 79 3 1
215 79 3 1
216 79 3 1
217 79 3 1
218 79 3 1
219 79 3 1
220 79 3 1
221 79 3 1
222 79 3 1
223 79 3 1
224 79 3 1
225 79 3 1
226 79 3 1
227 79 3 1
228 79 3 1
229 79 3 1
230 79 3 1
231 79 3 1
232 79 3 1
233 79 3 1
234 79 3 1
235 79 3 1
236 79 3 1
237 79 3 1
238 79 3 1
239 79 3 1
240 79 3 1
241 79 3 1
242 79 3 1
303 32 9 0
304 32 9 0
305 32 9 0
306 32 9 0
307 32 9 0
308 32 9 0
309 32 9 0
83 95 7 0
84 95 7 0
85 95 7 0
86 95 7 0
87 95 7 0
88 95 7 0
156 173 14 0
89 95 7 0
157 173 14 0
90 95 7 0
158 173 14 0
91 95 7 0
159 173 14 0
282 204 6 1
160 173 14 0
48 267 11 0
283 204 6 1
49 267 11 0
284 204 6 1
50 267 11 0
285 204 6 1
51 267 11 0
286 204 6 1
52 267 11 0
287 204 6 1
53 267 11 0
54 267 11 0
55 267 11 0
54 142 7 0
55 142 7 0
56 142 7 0
57 142 7 0
58 142 7 0
59 142 7 0
60 142 7 0
61 142 7 0
323 204 12 0
324 204 12 0
325 204 12 0
326 204 12 0
327 204 12 0
328 204 12 0
329 204 12 0
264 126 4 1
265 126 4 1
277 251 12 0
266 126 4 1
278 251 12 0
267 126 4 1
279 251 12 0
268 126 4 1
280 251 12 0
269 126 4 1
281 251 12 0
270 126 4 1
282 251 12 0
283 251 12 0
284 251 12 0
285 251 12 0
185 220 5 1
118 142 2 1
186 220 5 1
119 142 2 1
187 220 5 1
120 142 2 1
188 220 5 1
121 142 2 1
189 220 5 1
122 142 2 1
190 220 5 1
123 142 2 1
191 220 5 1
124 142 2 1
192 220 5 1
125 142 2 1
126 142 2 1
127 142 2 1
128 142 2 1
129 142 2 1
130 142 2 1
131 142 2 1
132 142 2 1
133 142 2 1
134 142 2 1
135 142 2 1
136 142 2 1
87 189 2 1
88 189 2 1
33 236 11 0
89 189 2 1
34 236 11 0
90 189 2 1
35 236 11 0
91 189 2 1
36 236 11 0
92 189 2 1
37 236 11 0
93 189 2 1
38 236 11 0
39 236 11 0
306 48 9 0
307 48 9 0
73 111 7 0
252 95 4 1
308 48 9 0
74 111 7 0
253 95 4 1
309 48 9 0
75 111 7 0
254 95 4 1
310 48 9 0
76 111 7 0
255 95 4 1
311 48 9 0
77 111 7 0
256 95 4 1
312 48 9 0
78 111 7 0
79 111 7 0
44 158 7 0
45 158 7 0
46 158 7 0
47 158 7 0
48 158 7 0
49 158 7 0
50 158 7 0
51 158 7 0
258 267 12 0
259 267 12 0
260 267 12 0
261 267 12 0
262 267 12 0
263 267 12 0
264 267 12 0
265 267 12 0
266 267 12 0
323 220 12 0
267 267 12 0
324 220 12 0
268 267 12 0
325 220 12 0
326 220 12 0
327 220 12 0
93 283 13 0
328 220 12 0
94 283 13 0
329 220 12 0
96 158 2 1
97 158 2 1
98 158 2 1
99 158 2 1
100 158 2 1
101 158 2 1
102 158 2 1
252 64 3 1
253 64 3 1
254 64 3 1
255 64 3 1
256 64 3 1
257 64 3 1
258 64 3 1
41 252 11 0
42 252 11 0
43 252 11 0
44 252 11 0
45 252 11 0
46 252 11 0
47 252 11 0
96 80 7 0
97 80 7 0
98 80 7 0
99 80 7 0
100 80 7 0
101 80 7 0
102 80 7 0
65 127 7 0
66 127 7 0
67 127 7 0
68 127 7 0
69 127 7 0
70 127 7 0
71 127 7 0
310 64 9 0
311 64 9 0
312 64 9 0
313 64 9 0
258 111 4 1
314 64 9 0
259 111 4 1
315 64 9 0
260 111 4 1
316 64 9 0
261 111 4 1
317 64 9 0
262 111 4 1
263 111 4 1
264 111 4 1
293 236 12 0
215 33 8 0
294 236 12 0
216 33 8 0
295 236 12 0
217 33 8 0
296 236 12 0
218 33 8 0
297 236 12 0
241 283 12 0
219 33 8 0
298 236 12 0
242 283 12 0
220 33 8 0
299 236 12 0
243 283 12 0
221 33 8 0
300 236 12 0
244 283 12 0
222 33 8 0
301 236 12 0
245 283 12 0
223 33 8 0
302 236 12 0
246 283 12 0
224 33 8 0
303 236 12 0
247 283 12 0
225 33 8 0
304 236 12 0
226 33 8 0
305 236 12 0
227 33 8 0
306 236 12 0
228 33 8 0
307 236 12 0
229 33 8 0
308 236 12 0
309 236 12 0
310 236 12 0
311 236 12 0
312 236 12 0
313 236 12 0
314 236 12 0
315 236 12 0
316 236 12 0
317 236 12 0
318 236 12 0
319 236 12 0
320 236 12 0
321 236 12 0
322 236 12 0
323 236 12 0
324 236 12 0
325 236 12 0
326 236 12 0
89 174 2 1
90 174 2 1
91 174 2 1
92 174 2 1
93 174 2 1
94 174 2 1
95 174 2 1
209 80 3 1
210 80 3 1
211 80 3 1
212 80 3 1
213 80 3 1
214 80 3 1
215 80 3 1
216 80 3 1
217 80 3 1
218 80 3 1
219 80 3 1
220 80 3 1
221 80 3 1
222 80 3 1
223 80 3 1
224 80 3 1
225 80 3 1
226 80 3 1
227 80 3 1
228 80 3 1
229 80 3 1
230 80 3 1
231 80 3 1
232 80 3 1
233 80 3 1
234 80 3 1
235 80 3 1
236 80 3 1
237 80 3 1
238 80 3 1
239 80 3 1
240 80 3 1
303 33 9 0
304 33 9 0
305 33 9 0
306 33 9 0
307 33 9 0
308 33 9 0
309 33 9 0
82 96 7 0
83 96 7 0
84 96 7 0
85 96 7 0
86 96 7 0
87 96 7 0
88 96 7 0
156 174 14 0
89 96 7 0
157 174 14 0
90 96 7 0
158 174 14 0
159 174 14 0
282 205 6 1
160 174 14 0
48 268 11 0
283 205 6 1
49 268 11 0
284 205 6 1
50 268 11 0
285 205 6 1
51 268 11 0
286 205 6 1
52 268 11 0
287 205 6 1
53 268 11 0
288 205 6 1
54 268 11 0
55 268 11 0
53 143 7 0
54 143 7 0
55 143 7 0
56 143 7 0
57 143 7 0
58 143 7 0
59 143 7 0
60 143 7 0
323 205 12 0
324 205 12 0
325 205 12 0
326 205 12 0
327 205 12 0
328 205 12 0
329 205 12 0
264 127 4 1
265 127 4 1
277 252 12 0
266 127 4 1
278 252 12 0
267 127 4 1
279 252 12 0
268 127 4 1
280 252 12 0
269 127 4 1
281 252 12 0
270 127 4 1
282 252 12 0
283 252 12 0
284 252 12 0
111 143 2 1
112 143 2 1
113 143 2 1
114 143 2 1
115 143 2 1
116 143 2 1
117 143 2 1
118 143 2 1
186 221 5 1
119 143 2 1
187 221 5 1
120 143 2 1
188 221 5 1
121 143 2 1
189 221 5 1
122 143 2 1
190 221 5 1
123 143 2 1
191 221 5 1
124 143 2 1
192 221 5 1
125 143 2 1
193 221 5 1
126 143 2 1
127 143 2 1
128 143 2 1
129 143 2 1
130 143 2 1
131 143 2 1
132 143 2 1
133 143 2 1
87 190 2 1
88 190 2 1
89 190 2 1
34 237 11 0
90 190 2 1
35 237 11 0
91 190 2 1
36 237 11 0
92 190 2 1
37 237 11 0
93 190 2 1
38 237 11 0
39 237 11 0
40 237 11 0
306 49 9 0
307 49 9 0
73 112 7 0
252 96 4 1
308 49 9 0
74 112 7 0
253 96 4 1
309 49 9 0
75 112 7 0
254 96 4 1
310 49 9 0
76 112 7 0
255 96 4 1
311 49 9 0
77 112 7 0
256 96 4 1
312 49 9 0
78 112 7 0
79 112 7 0
45 159 7 0
46 159 7 0
47 159 7 0
48 159 7 0
49 159 7 0
50 159 7 0
256 268 12 0
257 268 12 0
258 268 12 0
259 268 12 0
260 268 12 0
261 268 12 0
262 268 12 0
263 268 12 0
264 268 12 0
265 268 12 0
266 268 12 0
323 221 12 0
267 268 12 0
324 221 12 0
325 221 12 0
91 284 13 0
326 221 12 0
92 284 13 0
327 221 12 0
93 284 13 0
328 221 12 0
94 284 13 0
329 221 12 0
95 284 13 0
96 284 13 0
97 284 13 0
95 159 2 1
96 159 2 1
97 159 2 1
98 159 2 1
99 159 2 1
100 159 2 1
101 159 2 1
251 65 3 1
252 65 3 1
253 65 3 1
254 65 3 1
255 65 3 1
256 65 3 1
257 65 3 1
41 253 11 0
42 253 11 0
43 253 11 0
44 253 11 0
45 253 11 0
46 253 11 0
47 253 11 0
95 81 7 0
96 81 7 0
97 81 7 0
98 81 7 0
99 81 7 0
100 81 7 0
101 81 7 0
102 81 7 0
64 128 7 0
65 128 7 0
66 128 7 0
67 128 7 0
68 128 7 0
69 128 7 0
70 128 7 0
71 128 7 0
312 65 9 0
313 65 9 0
258 112 4 1
314 65 9 0
259 112 4 1
315 65 9 0
260 112 4 1
261 112 4 1
262 112 4 1
263 112 4 1
264 112 4 1
292 237 12 0
293 237 12 0
294 237 12 0
295 237 12 0
217 34 8 0
296 237 12 0
218 34 8 0
297 237 12 0
241 284 12 0
219 34 8 0
298 237 12 0
242 284 12 0
220 34 8 0
299 237 12 0
243 284 12 0
221 34 8 0
300 237 12 0
244 284 12 0
222 34 8 0
301 237 12 0
245 284 12 0
223 34 8 0
302 237 12 0
246 284 12 0
224 34 8 0
303 237 12 0
225 34 8 0
304 237 12 0
226 34 8 0
305 237 12 0
227 34 8 0
306 237 12 0
307 237 12 0
308 237 12 0
309 237 12 0
310 237 12 0
311 237 12 0
312 237 12 0
313 237 12 0
314 237 12 0
315 237 12 0
316 237 12 0
317 237 12 0
318 237 12 0
319 237 12 0
320 237 12 0
321 237 12 0
322 237 12 0
323 237 12 0
324 237 12 0
325 237 12 0
89 175 2 1
90 175 2 1
91 175 2 1
92 175 2 1
93 175 2 1
94 175 2 1
95 175 2 1
210 81 3 1
211 81 3 1
212 81 3 1
213 81 3 1
214 81 3 1
215 81 3 1
216 81 3 1
217 81 3 1
218 81 3 1
219 81 3 1
220 81 3 1
221 81 3 1
222 81 3 1
223 81 3 1
224 81 3 1
225 81 3 1
226 81 3 1
227 81 3 1
228 81 3 1
229 81 3 1
230 81 3 1
231 81 3 1
232 81 3 1
233 81 3 1
234 81 3 1
235 81 3 1
236 81 3 1
237 81 3 1
238 81 3 1
304 34 9 0
305 34 9 0
306 34 9 0
307 34 9 0
308 34 9 0
309 34 9 0
310 34 9 0
82 97 7 0
83 97 7 0
84 97 7 0
85 97 7 0
86 97 7 0
87 97 7 0
88 97 7 0
89 97 7 0
158 175 14 0
281 206 6 1
282 206 6 1
283 206 6 1
49 269 11 0
284 206 6 1
50 269 11 0
285 206 6 1
51 269 11 0
286 206 6 1
52 269 11 0
287 206 6 1
53 269 11 0
54 269 11 0
55 269 11 0
56 269 11 0
57 269 11 0
53 144 7 0
54 144 7 0
55 144 7 0
56 144 7 0
57 144 7 0
58 144 7 0
59 144 7 0
323 206 12 0
324 206 12 0
325 206 12 0
326 206 12 0
327 206 12 0
328 206 12 0
329 206 12 0
276 253 12 0
265 128 4 1
277 253 12 0
266 128 4 1
278 253 12 0
267 128 4 1
279 253 12 0
268 128 4 1
280 253 12 0
269 128 4 1
281 253 12 0
270 128 4 1
282 253 12 0
271 128 4 1
283 253 12 0
107 144 2 1
108 144 2 1
109 144 2 1
110 144 2 1
111 144 2 1
112 144 2 1
113 144 2 1
114 144 2 1
115 144 2 1
116 144 2 1
117 144 2 1
118 144 2 1
186 222 5 1
119 144 2 1
187 222 5 1
120 144 2 1
188 222 5 1
121 144 2 1
189 222 5 1
122 144 2 1
190 222 5 1
123 144 2 1
191 222 5 1
124 144 2 1
192 222 5 1
125 144 2 1
193 222 5 1
126 144 2 1
127 144 2 1
128 144 2 1
129 144 2 1
130 144 2 1
86 191 2 1
87 191 2 1
88 191 2 1
89 191 2 1
34 238 11 0
90 191 2 1
35 238 11 0
91 191 2 1
36 238 11 0
92 191 2 1
37 238 11 0
38 238 11 0
39 238 11 0
40 238 11 0
108 66 7 0
306 50 9 0
72 113 7 0
251 97 4 1
307 50 9 0
73 113 7 0
252 97 4 1
308 50 9 0
74 113 7 0
253 97 4 1
309 50 9 0
75 113 7 0
254 97 4 1
310 50 9 0
76 113 7 0
255 97 4 1
311 50 9 0
77 113 7 0
256 97 4 1
312 50 9 0
78 113 7 0
257 97 4 1
45 160 7 0
46 160 7 0
47 160 7 0
48 160 7 0
49 160 7 0
255 269 12 0
256 269 12 0
257 269 12 0
258 269 12 0
259 269 12 0
260 269 12 0
261 269 12 0
262 269 12 0
263 269 12 0
264 269 12 0
265 269 12 0
266 269 12 0
323 222 12 0
324 222 12 0
325 222 12 0
91 285 13 0
326 222 12 0
92 285 13 0
327 222 12 0
93 285 13 0
328 222 12 0
94 285 13 0
329 222 12 0
95 285 13 0
96 285 13 0
97 285 13 0
98 285 13 0
99 285 13 0
100 285 13 0
101 285 13 0
95 160 2 1
96 160 2 1
97 160 2 1
332 97 10 0
98 160 2 1
333 97 10 0
99 160 2 1
334 97 10 0
100 160 2 1
335 97 10 0
101 160 2 1
336 97 10 0
337 97 10 0
338 97 10 0
339 97 10 0
340 97 10 0
341 97 10 0
342 97 10 0
343 97 10 0
344 97 10 0
345 97 10 0
346 97 10 0
347 97 10 0
348 97 10 0
250 66 3 1
251 66 3 1
252 66 3 1
253 66 3 1
254 66 3 1
255 66 3 1
256 66 3 1
257 66 3 1
42 254 11 0
43 254 11 0
44 254 11 0
45 254 11 0
46 254 11 0
47 254 11 0
48 254 11 0
94 82 7 0
95 82 7 0
96 82 7 0
97 82 7 0
98 82 7 0
99 82 7 0
100 82 7 0
101 82 7 0
63 129 7 0
64 129 7 0
65 129 7 0
66 129 7 0
67 129 7 0
68 129 7 0
69 129 7 0
70 129 7 0
258 113 4 1
259 113 4 1
260 113 4 1
261 113 4 1
262 113 4 1
263 113 4 1
264 113 4 1
291 238 12 0
292 238 12 0
293 238 12 0
294 238 12 0
295 238 12 0
296 238 12 0
297 238 12 0
298 238 12 0
299 238 12 0
243 285 12 0
300 238 12 0
244 285 12 0
301 238 12 0
306 238 12 0
307 238 12 0
308 238 12 0
309 238 12 0
310 238 12 0
311 238 12 0
312 238 12 0
313 238 12 0
314 238 12 0
315 238 12 0
316 238 12 0
317 238 12 0
318 238 12 0
319 238 12 0
320 238 12 0
321 238 12 0
322 238 12 0
323 238 12 0
324 238 12 0
325 238 12 0
89 176 2 1
90 176 2 1
91 176 2 1
92 176 2 1
93 176 2 1
94 176 2 1
95 176 2 1
212 82 3 1
213 82 3 1
214 82 3 1
215 82 3 1
216 82 3 1
217 82 3 1
218 82 3 1
219 82 3 1
220 82 3 1
221 82 3 1
222 82 3 1
223 82 3 1
224 82 3 1
225 82 3 1
226 82 3 1
227 82 3 1
228 82 3 1
229 82 3 1
230 82 3 1
231 82 3 1
232 82 3 1
233 82 3 1
234 82 3 1
235 82 3 1
236 82 3 1
304 35 9 0
305 35 9 0
306 35 9 0
307 35 9 0
308 35 9 0
309 35 9 0
310 35 9 0
81 98 7 0
82 98 7 0
83 98 7 0
84 98 7 0
85 98 7 0
86 98 7 0
87 98 7 0
88 98 7 0
281 207 6 1
282 207 6 1
283 207 6 1
49 270 11 0
284 207 6 1
50 270 11 0
285 207 6 1
51 270 11 0
286 207 6 1
52 270 11 0
287 207 6 1
53 270 11 0
54 270 11 0
55 270 11 0
56 270 11 0
57 270 11 0
52 145 7 0
53 145 7 0
54 145 7 0
55 145 7 0
56 145 7 0
57 145 7 0
58 145 7 0
59 145 7 0
323 207 12 0
324 207 12 0
325 207 12 0
326 207 12 0
327 207 12 0
328 207 12 0
329 207 12 0
275 254 12 0
276 254 12 0
265 129 4 1
277 254 12 0
266 129 4 1
278 254 12 0
267 129 4 1
279 254 12 0
268 129 4 1
280 254 12 0
269 129 4 1
281 254 12 0
270 129 4 1
282 254 12 0
271 129 4 1
105 145 2 1
106 145 2 1
107 145 2 1
108 145 2 1
109 145 2 1
110 145 2 1
111 145 2 1
112 145 2 1
113 145 2 1
114 145 2 1
115 145 2 1
116 145 2 1
117 145 2 1
118 145 2 1
119 145 2 1
187 223 5 1
120 145 2 1
188 223 5 1
121 145 2 1
189 223 5 1
122 145 2 1
190 223 5 1
123 145 2 1
191 223 5 1
124 145 2 1
192 223 5 1
125 145 2 1
193 223 5 1
126 145 2 1
194 223 5 1
127 145 2 1
128 145 2 1
86 192 2 1
87 192 2 1
88 192 2 1
89 192 2 1
34 239 11 0
90 192 2 1
35 239 11 0
91 192 2 1
36 239 11 0
92 192 2 1
37 239 11 0
38 239 11 0
39 239 11 0
40 239 11 0
106 67 7 0
107 67 7 0
108 67 7 0
109 67 7 0
110 67 7 0
72 114 7 0
251 98 4 1
307 51 9 0
73 114 7 0
252 98 4 1
308 51 9 0
74 114 7 0
253 98 4 1
309 51 9 0
75 114 7 0
254 98 4 1
310 51 9 0
76 114 7 0
255 98 4 1
311 51 9 0
77 114 7 0
256 98 4 1
312 51 9 0
78 114 7 0
257 98 4 1
313 51 9 0
258 98 4 1
47 161 7 0
253 270 12 0
254 270 12 0
255 270 12 0
256 270 12 0
257 270 12 0
258 270 12 0
259 270 12 0
260 270 12 0
261 270 12 0
262 270 12 0
263 270 12 0
264 270 12 0
265 270 12 0
323 223 12 0
324 223 12 0
90 286 13 0
325 223 12 0
247 20 8 0
91 286 13 0
326 223 12 0
248 20 8 0
92 286 13 0
327 223 12 0
249 20 8 0
93 286 13 0
328 223 12 0
94 286 13 0
329 223 12 0
95 286 13 0
96 286 13 0
97 286 13 0
98 286 13 0
99 286 13 0
100 286 13 0
101 286 13 0
102 286 13 0
103 286 13 0
94 161 2 1
95 161 2 1
330 98 10 0
96 161 2 1
331 98 10 0
97 161 2 1
332 98 10 0
98 161 2 1
333 98 10 0
99 161 2 1
334 98 10 0
100 161 2 1
335 98 10 0
336 98 10 0
337 98 10 0
338 98 10 0
339 98 10 0
340 98 10 0
341 98 10 0
342 98 10 0
343 98 10 0
344 98 10 0
345 98 10 0
346 98 10 0
347 98 10 0
348 98 10 0
349 98 10 0
350 98 10 0
249 67 3 1
250 67 3 1
251 67 3 1
252 67 3 1
253 67 3 1
254 67 3 1
255 67 3 1
256 67 3 1
42 255 11 0
43 255 11 0
44 255 11 0
45 255 11 0
46 255 11 0
47 255 11 0
48 255 11 0
94 83 7 0
95 83 7 0
96 83 7 0
97 83 7 0
98 83 7 0
99 83 7 0
100 83 7 0
63 130 7 0
64 130 7 0
65 130 7 0
66 130 7 0
67 130 7 0
68 130 7 0
69 130 7 0
259 114 4 1
260 114 4 1
261 114 4 1
262 114 4 1
263 114 4 1
264 114 4 1
265 114 4 1
289 239 12 0
290 239 12 0
291 239 12 0
292 239 12 0
293 239 12 0
294 239 12 0
295 239 12 0
296 239 12 0
297 239 12 0
298 239 12 0
299 239 12 0
308 239 12 0
309 239 12 0
310 239 12 0
311 239 12 0
312 239 12 0
313 239 12 0
314 239 12 0
315 239 12 0
316 239 12 0
317 239 12 0
318 239 12 0
319 239 12 0
320 239 12 0
321 239 12 0
322 239 12 0
323 239 12 0
88 177 2 1
89 177 2 1
90 177 2 1
91 177 2 1
92 177 2 1
93 177 2 1
94 177 2 1
216 83 3 1
217 83 3 1
218 83 3 1
219 83 3 1
220 83 3 1
221 83 3 1
222 83 3 1
223 83 3 1
224 83 3 1
225 83 3 1
226 83 3 1
227 83 3 1
228 83 3 1
229 83 3 1
305 36 9 0
306 36 9 0
307 36 9 0
308 36 9 0
309 36 9 0
310 36 9 0
311 36 9 0
80 99 7 0
81 99 7 0
82 99 7 0
83 99 7 0
84 99 7 0
85 99 7 0
86 99 7 0
87 99 7 0
281 208 6 1
282 208 6 1
283 208 6 1
284 208 6 1
50 271 11 0
285 208 6 1
51 271 11 0
286 208 6 1
52 271 11 0
287 208 6 1
53 271 11 0
54 271 11 0
55 271 11 0
56 271 11 0
57 271 11 0
58 271 11 0
51 146 7 0
52 146 7 0
53 146 7 0
54 146 7 0
55 146 7 0
56 146 7 0
57 146 7 0
58 146 7 0
323 208 12 0
324 208 12 0
325 208 12 0
326 208 12 0
327 208 12 0
328 208 12 0
329 208 12 0
274 255 12 0
275 255 12 0
276 255 12 0
277 255 12 0
266 130 4 1
278 255 12 0
267 130 4 1
279 255 12 0
268 130 4 1
280 255 12 0
269 130 4 1
281 255 12 0
270 130 4 1
271 130 4 1
272 130 4 1
104 146 2 1
105 146 2 1
106 146 2 1
107 146 2 1
108 146 2 1
109 146 2 1
110 146 2 1
111 146 2 1
112 146 2 1
113 146 2 1
114 146 2 1
115 146 2 1
116 146 2 1
117 146 2 1
118 146 2 1
119 146 2 1
120 146 2 1
188 224 5 1
121 146 2 1
189 224 5 1
122 146 2 1
190 224 5 1
123 146 2 1
191 224 5 1
124 146 2 1
192 224 5 1
125 146 2 1
193 224 5 1
126 146 2 1
194 224 5 1
195 224 5 1
86 193 2 1
87 193 2 1
88 193 2 1
89 193 2 1
90 193 2 1
35 240 11 0
91 193 2 1
36 240 11 0
92 193 2 1
37 240 11 0
38 240 11 0
262 52 3 1
39 240 11 0
40 240 11 0
41 240 11 0
105 68 7 0
106 68 7 0
107 68 7 0
108 68 7 0
109 68 7 0
110 68 7 0
71 115 7 0
72 115 7 0
307 52 9 0
73 115 7 0
252 99 4 1
308 52 9 0
74 115 7 0
253 99 4 1
309 52 9 0
75 115 7 0
254 99 4 1
310 52 9 0
76 115 7 0
255 99 4 1
311 52 9 0
77 115 7 0
256 99 4 1
312 52 9 0
257 99 4 1
313 52 9 0
258 99 4 1
252 271 12 0
253 271 12 0
254 271 12 0
255 271 12 0
256 271 12 0
257 271 12 0
258 271 12 0
259 271 12 0
260 271 12 0
261 271 12 0
262 271 12 0
240 21 8 0
263 271 12 0
241 21 8 0
242 21 8 0
243 21 8 0
244 21 8 0
323 224 12 0
245 21 8 0
324 224 12 0
246 21 8 0
325 224 12 0
247 21 8 0
91 287 13 0
326 224 12 0
248 21 8 0
92 287 13 0
327 224 12 0
249 21 8 0
93 287 13 0
328 224 12 0
250 21 8 0
94 287 13 0
329 224 12 0
251 21 8 0
95 287 13 0
96 287 13 0
97 287 13 0
98 287 13 0
99 287 13 0
100 287 13 0
101 287 13 0
102 287 13 0
103 287 13 0
104 287 13 0
105 287 13 0
94 162 2 1
106 287 13 0
95 162 2 1
330 99 10 0
107 287 13 0
96 162 2 1
331 99 10 0
108 287 13 0
97 162 2 1
332 99 10 0
109 287 13 0
98 162 2 1
333 99 10 0
110 287 13 0
99 162 2 1
334 99 10 0
111 287 13 0
100 162 2 1
335 99 10 0
112 287 13 0
336 99 10 0
113 287 13 0
337 99 10 0
114 287 13 0
338 99 10 0
115 287 13 0
339 99 10 0
116 287 13 0
340 99 10 0
117 287 13 0
341 99 10 0
118 287 13 0
342 99 10 0
119 287 13 0
343 99 10 0
120 287 13 0
344 99 10 0
121 287 13 0
345 99 10 0
122 287 13 0
346 99 10 0
123 287 13 0
347 99 10 0
124 287 13 0
348 99 10 0
125 287 13 0
349 99 10 0
126 287 13 0
350 99 10 0
127 287 13 0
128 287 13 0
129 287 13 0
130 287 13 0
131 287 13 0
132 287 13 0
133 287 13 0
134 287 13 0
135 287 13 0
136 287 13 0
137 287 13 0
138 287 13 0
139 287 13 0
140 287 13 0
141 287 13 0
142 287 13 0
299 21 9 0
143 287 13 0
144 287 13 0
145 287 13 0
146 287 13 0
247 68 3 1
147 287 13 0
248 68 3 1
148 287 13 0
249 68 3 1
250 68 3 1
251 68 3 1
252 68 3 1
253 68 3 1
254 68 3 1
255 68 3 1
256 68 3 1
43 256 11 0
44 256 11 0
45 256 11 0
46 256 11 0
47 256 11 0
48 256 11 0
93 84 7 0
49 256 11 0
94 84 7 0
95 84 7 0
96 84 7 0
97 84 7 0
98 84 7 0
99 84 7 0
100 84 7 0
62 131 7 0
63 131 7 0
64 131 7 0
65 131 7 0
66 131 7 0
67 131 7 0
68 131 7 0
69 131 7 0
326 193 12 0
259 115 4 1
260 115 4 1
261 115 4 1
262 115 4 1
263 115 4 1
264 115 4 1
265 115 4 1
288 240 12 0
289 240 12 0
290 240 12 0
291 240 12 0
292 240 12 0
293 240 12 0
294 240 12 0
295 240 12 0
296 240 12 0
297 240 12 0
298 240 12 0
310 240 12 0
311 240 12 0
312 240 12 0
313 240 12 0
314 240 12 0
315 240 12 0
316 240 12 0
317 240 12 0
318 240 12 0
319 240 12 0
320 240 12 0
321 240 12 0
88 178 2 1
89 178 2 1
90 178 2 1
91 178 2 1
92 178 2 1
93 178 2 1
94 178 2 1
218 84 3 1
219 84 3 1
220 84 3 1
221 84 3 1
305 37 9 0
306 37 9 0
307 37 9 0
308 37 9 0
309 37 9 0
310 37 9 0
311 37 9 0
79 100 7 0
80 100 7 0
81 100 7 0
82 100 7 0
83 100 7 0
84 100 7 0
85 100 7 0
86 100 7 0
281 209 6 1
282 209 6 1
283 209 6 1
284 209 6 1
285 209 6 1
286 209 6 1
51 272 11 0
287 209 6 1
52 272 11 0
53 272 11 0
54 272 11 0
55 272 11 0
56 272 11 0
57 272 11 0
51 147 7 0
52 147 7 0
53 147 7 0
54 147 7 0
55 147 7 0
56 147 7 0
57 147 7 0
323 209 12 0
324 209 12 0
325 209 12 0
326 209 12 0
327 209 12 0
328 209 12 0
272 256 12 0
329 209 12 0
273 256 12 0
274 256 12 0
275 256 12 0
276 256 12 0
266 131 4 1
277 256 12 0
267 131 4 1
278 256 12 0
268 131 4 1
279 256 12 0
269 131 4 1
280 256 12 0
270 131 4 1
281 256 12 0
271 131 4 1
272 131 4 1
103 147 2 1
104 147 2 1
105 147 2 1
106 147 2 1
107 147 2 1
108 147 2 1
109 147 2 1
110 147 2 1
111 147 2 1
112 147 2 1
113 147 2 1
114 147 2 1
115 147 2 1
116 147 2 1
117 147 2 1
118 147 2 1
119 147 2 1
120 147 2 1
121 147 2 1
189 225 5 1
122 147 2 1
190 225 5 1
123 147 2 1
191 225 5 1
124 147 2 1
192 225 5 1
193 225 5 1
194 225 5 1
195 225 5 1
86 194 2 1
87 194 2 1
88 194 2 1
89 194 2 1
90 194 2 1
91 194 2 1
35 241 11 0
92 194 2 1
260 53 3 1
36 241 11 0
261 53 3 1
37 241 11 0
262 53 3 1
38 241 11 0
263 53 3 1
39 241 11 0
264 53 3 1
40 241 11 0
41 241 11 0
104 69 7 0
105 69 7 0
106 69 7 0
107 69 7 0
108 69 7 0
109 69 7 0
110 69 7 0
111 69 7 0
71 116 7 0
72 116 7 0
307 53 9 0
73 116 7 0
252 100 4 1
308 53 9 0
74 116 7 0
253 100 4 1
309 53 9 0
75 116 7 0
254 100 4 1
310 53 9 0
76 116 7 0
255 100 4 1
311 53 9 0
77 116 7 0
256 100 4 1
312 53 9 0
257 100 4 1
313 53 9 0
258 100 4 1
259 100 4 1
251 272 12 0
252 272 12 0
253 272 12 0
254 272 12 0
255 272 12 0
256 272 12 0
257 272 12 0
236 22 8 0
258 272 12 0
237 22 8 0
259 272 12 0
238 22 8 0
260 272 12 0
239 22 8 0
261 272 12 0
240 22 8 0
241 22 8 0
242 22 8 0
243 22 8 0
244 22 8 0
323 225 12 0
245 22 8 0
324 225 12 0
246 22 8 0
325 225 12 0
247 22 8 0
91 288 13 0
326 225 12 0
248 22 8 0
92 288 13 0
327 225 12 0
249 22 8 0
93 288 13 0
328 225 12 0
250 22 8 0
94 288 13 0
329 225 12 0
251 22 8 0
95 288 13 0
96 288 13 0
97 288 13 0
98 288 13 0
99 288 13 0
100 288 13 0
101 288 13 0
102 288 13 0
103 288 13 0
104 288 13 0
93 163 2 1
105 288 13 0
94 163 2 1
329 100 10 0
106 288 13 0
95 163 2 1
330 100 10 0
107 288 13 0
96 163 2 1
331 100 10 0
108 288 13 0
97 163 2 1
332 100 10 0
109 288 13 0
98 163 2 1
333 100 10 0
110 288 13 0
99 163 2 1
334 100 10 0
111 288 13 0
335 100 10 0
112 288 13 0
336 100 10 0
113 288 13 0
337 100 10 0
114 288 13 0
338 100 10 0
115 288 13 0
339 100 10 0
116 288 13 0
340 100 10 0
117 288 13 0
341 100 10 0
118 288 13 0
342 100 10 0
119 288 13 0
343 100 10 0
120 288 13 0
344 100 10 0
121 288 13 0
345 100 10 0
122 288 13 0
346 100 10 0
123 288 13 0
347 100 10 0
124 288 13 0
348 100 10 0
125 288 13 0
349 100 10 0
126 288 13 0
350 100 10 0
127 288 13 0
351 100 10 0
128 288 13 0
129 288 13 0
130 288 13 0
131 288 13 0
132 288 13 0
133 288 13 0
134 288 13 0
135 288 13 0
136 288 13 0
137 288 13 0
138 288 13 0
139 288 13 0
140 288 13 0
297 22 9 0
141 288 13 0
298 22 9 0
142 288 13 0
299 22 9 0
143 288 13 0
300 22 9 0
144 288 13 0
301 22 9 0
145 288 13 0
146 288 13 0
247 69 3 1
147 288 13 0
248 69 3 1
148 288 13 0
249 69 3 1
149 288 13 0
250 69 3 1
150 288 13 0
251 69 3 1
252 69 3 1
253 69 3 1
254 69 3 1
255 69 3 1
43 257 11 0
44 257 11 0
45 257 11 0
46 257 11 0
92 85 7 0
47 257 11 0
93 85 7 0
48 257 11 0
94 85 7 0
49 257 11 0
95 85 7 0
96 85 7 0
97 85 7 0
98 85 7 0
99 85 7 0
61 132 7 0
62 132 7 0
63 132 7 0
64 132 7 0
65 132 7 0
66 132 7 0
67 132 7 0
68 132 7 0
324 194 12 0
325 194 12 0
326 194 12 0
327 194 12 0
260 116 4 1
328 194 12 0
261 116 4 1
262 116 4 1
263 116 4 1
264 116 4 1
265 116 4 1
266 116 4 1
287 241 12 0
288 241 12 0
289 241 12 0
290 241 12 0
291 241 12 0
292 241 12 0
293 241 12 0
294 241 12 0
295 241 12 0
296 241 12 0
88 179 2 1
89 179 2 1
90 179 2 1
91 179 2 1
92 179 2 1
93 179 2 1
94 179 2 1
305 38 9 0
306 38 9 0
307 38 9 0
308 38 9 0
309 38 9 0
310 38 9 0
311 38 9 0
79 101 7 0
80 101 7 0
81 101 7 0
82 101 7 0
83 101 7 0
84 101 7 0
85 101 7 0
86 101 7 0
280 210 6 1
281 210 6 1
282 210 6 1
283 210 6 1
284 210 6 1
285 210 6 1
286 210 6 1
52 273 11 0
287 210 6 1
53 273 11 0
54 273 11 0
55 273 11 0
56 273 11 0
57 273 11 0
50 148 7 0
51 148 7 0
52 148 7 0
53 148 7 0
54 148 7 0
55 148 7 0
56 148 7 0
57 148 7 0
323 210 12 0
324 210 12 0
325 210 12 0
326 210 12 0
327 210 12 0
271 257 12 0
328 210 12 0
272 257 12 0
329 210 12 0
273 257 12 0
274 257 12 0
275 257 12 0
276 257 12 0
277 257 12 0
278 257 12 0
267 132 4 1
279 257 12 0
268 132 4 1
280 257 12 0
269 132 4 1
270 132 4 1
271 132 4 1
272 132 4 1
273 132 4 1
103 148 2 1
104 148 2 1
105 148 2 1
106 148 2 1
107 148 2 1
108 148 2 1
109 148 2 1
110 148 2 1
111 148 2 1
112 148 2 1
113 148 2 1
114 148 2 1
115 148 2 1
116 148 2 1
117 148 2 1
118 148 2 1
119 148 2 1
120 148 2 1
121 148 2 1
189 226 5 1
190 226 5 1
191 226 5 1
192 226 5 1
193 226 5 1
194 226 5 1
195 226 5 1
196 226 5 1
86 195 2 1
87 195 2 1
88 195 2 1
89 195 2 1
90 195 2 1
91 195 2 1
259 54 3 1
36 242 11 0
92 195 2 1
260 54 3 1
37 242 11 0
261 54 3 1
38 242 11 0
262 54 3 1
39 242 11 0
263 54 3 1
40 242 11 0
264 54 3 1
41 242 11 0
265 54 3 1
42 242 11 0
104 70 7 0
105 70 7 0
106 70 7 0
107 70 7 0
108 70 7 0
109 70 7 0
110 70 7 0
70 117 7 0
71 117 7 0
72 117 7 0
307 54 9 0
73 117 7 0
308 54 9 0
74 117 7 0
253 101 4 1
309 54 9 0
75 117 7 0
254 101 4 1
310 54 9 0
76 117 7 0
255 101 4 1
311 54 9 0
256 101 4 1
312 54 9 0
257 101 4 1
313 54 9 0
258 101 4 1
259 101 4 1
250 273 12 0
251 273 12 0
252 273 12 0
253 273 12 0
254 273 12 0
255 273 12 0
256 273 12 0
234 23 8 0
257 273 12 0
235 23 8 0
258 273 12 0
236 23 8 0
259 273 12 0
237 23 8 0
238 23 8 0
239 23 8 0
240 23 8 0
241 23 8 0
242 23 8 0
243 23 8 0
244 23 8 0
323 226 12 0
245 23 8 0
324 226 12 0
246 23 8 0
325 226 12 0
247 23 8 0
326 226 12 0
248 23 8 0
92 289 13 0
327 226 12 0
249 23 8 0
93 289 13 0
328 226 12 0
250 23 8 0
94 289 13 0
329 226 12 0
251 23 8 0
95 289 13 0
252 23 8 0
96 289 13 0
97 289 13 0
98 289 13 0
99 289 13 0
100 289 13 0
101 289 13 0
102 289 13 0
103 289 13 0
104 289 13 0
93 164 2 1
105 289 13 0
94 164 2 1
106 289 13 0
95 164 2 1
330 101 10 0
107 289 13 0
96 164 2 1
331 101 10 0
108 289 13 0
97 164 2 1
332 101 10 0
109 289 13 0
98 164 2 1
333 101 10 0
110 289 13 0
99 164 2 1
334 101 10 0
111 289 13 0
335 101 10 0
112 289 13 0
336 101 10 0
113 289 13 0
337 101 10 0
114 289 13 0
338 101 10 0
115 289 13 0
339 101 10 0
116 289 13 0
340 101 10 0
117 289 13 0
341 101 10 0
118 289 13 0
342 101 10 0
119 289 13 0
343 101 10 0
120 289 13 0
344 101 10 0
121 289 13 0
345 101 10 0
122 289 13 0
346 101 10 0
123 289 13 0
347 101 10 0
124 289 13 0
348 101 10 0
125 289 13 0
349 101 10 0
126 289 13 0
350 101 10 0
127 289 13 0
128 289 13 0
129 289 13 0
130 289 13 0
131 289 13 0
132 289 13 0
133 289 13 0
134 289 13 0
135 289 13 0
136 289 13 0
137 289 13 0
138 289 13 0
139 289 13 0
140 289 13 0
297 23 9 0
141 289 13 0
298 23 9 0
142 289 13 0
299 23 9 0
143 289 13 0
300 23 9 0
144 289 13 0
245 70 3 1
301 23 9 0
145 289 13 0
246 70 3 1
302 23 9 0
146 289 13 0
247 70 3 1
147 289 13 0
248 70 3 1
148 289 13 0
249 70 3 1
149 289 13 0
250 70 3 1
150 289 13 0
251 70 3 1
252 70 3 1
253 70 3 1
254 70 3 1
44 258 11 0
45 258 11 0
46 258 11 0
91 86 7 0
47 258 11 0
92 86 7 0
48 258 11 0
93 86 7 0
49 258 11 0
94 86 7 0
50 258 11 0
95 86 7 0
96 86 7 0
97 86 7 0
98 86 7 0
61 133 7 0
62 133 7 0
63 133 7 0
64 133 7 0
65 133 7 0
66 133 7 0
67 133 7 0
324 195 12 0
325 195 12 0
326 195 12 0
327 195 12 0
260 117 4 1
328 195 12 0
261 117 4 1
262 117 4 1
263 117 4 1
264 117 4 1
265 117 4 1
266 117 4 1
286 242 12 0
287 242 12 0
288 242 12 0
289 242 12 0
290 242 12 0
291 242 12 0
292 242 12 0
293 242 12 0
294 242 12 0
295 242 12 0
88 180 2 1
89 180 2 1
90 180 2 1
91 180 2 1
92 180 2 1
93 180 2 1
94 180 2 1
305 39 9 0
306 39 9 0
307 39 9 0
308 39 9 0
309 39 9 0
310 39 9 0
311 39 9 0
78 102 7 0
79 102 7 0
80 102 7 0
81 102 7 0
82 102 7 0
83 102 7 0
84 102 7 0
85 102 7 0
280 211 6 1
281 211 6 1
282 211 6 1
283 211 6 1
284 211 6 1
285 211 6 1
286 211 6 1
54 274 11 0
55 274 11 0
49 149 7 0
50 149 7 0
51 149 7 0
52 149 7 0
53 149 7 0
54 149 7 0
55 149 7 0
56 149 7 0
323 211 12 0
324 211 12 0
325 211 12 0
326 211 12 0
270 258 12 0
327 211 12 0
271 258 12 0
328 211 12 0
272 258 12 0
329 211 12 0
273 258 12 0
274 258 12 0
275 258 12 0
276 258 12 0
277 258 12 0
278 258 12 0
267 133 4 1
279 258 12 0
268 133 4 1
269 133 4 1
270 133 4 1
271 133 4 1
272 133 4 1
273 133 4 1
102 149 2 1
103 149 2 1
104 149 2 1
105 149 2 1
106 149 2 1
107 149 2 1
108 149 2 1
109 149 2 1
110 149 2 1
111 149 2 1
112 149 2 1
113 149 2 1
114 149 2 1
115 149 2 1
116 149 2 1
117 149 2 1
190 227 5 1
191 227 5 1
192 227 5 1
193 227 5 1
194 227 5 1
195 227 5 1
196 227 5 1
86 196 2 1
87 196 2 1
88 196 2 1
89 196 2 1
90 196 2 1
258 55 3 1
91 196 2 1
259 55 3 1
36 243 11 0
92 196 2 1
260 55 3 1
37 243 11 0
261 55 3 1
38 243 11 0
262 55 3 1
39 243 11 0
263 55 3 1
40 243 11 0
264 55 3 1
41 243 11 0
265 55 3 1
42 243 11 0
103 71 7 0
104 71 7 0
105 71 7 0
106 71 7 0
107 71 7 0
108 71 7 0
109 71 7 0
110 71 7 0
70 118 7 0
71 118 7 0
72 118 7 0
307 55 9 0
73 118 7 0
308 55 9 0
74 118 7 0
253 102 4 1
309 55 9 0
75 118 7 0
254 102 4 1
310 55 9 0
76 118 7 0
255 102 4 1
311 55 9 0
256 102 4 1
312 55 9 0
257 102 4 1
313 55 9 0
258 102 4 1
259 102 4 1
248 274 12 0
249 274 12 0
250 274 12 0
251 274 12 0
252 274 12 0
253 274 12 0
254 274 12 0
232 24 8 0
255 274 12 0
233 24 8 0
256 274 12 0
234 24 8 0
257 274 12 0
235 24 8 0
258 274 12 0
236 24 8 0
237 24 8 0
238 24 8 0
239 24 8 0
240 24 8 0
241 24 8 0
242 24 8 0
243 24 8 0
244 24 8 0
323 227 12 0
245 24 8 0
324 227 12 0
246 24 8 0
325 227 12 0
247 24 8 0
326 227 12 0
248 24 8 0
327 227 12 0
249 24 8 0
328 227 12 0
250 24 8 0
94 290 13 0
329 227 12 0
251 24 8 0
95 290 13 0
96 290 13 0
97 290 13 0
98 290 13 0
99 290 13 0
100 290 13 0
101 290 13 0
102 290 13 0
103 290 13 0
92 165 2 1
104 290 13 0
93 165 2 1
105 290 13 0
94 165 2 1
106 290 13 0
95 165 2 1
330 102 10 0
107 290 13 0
96 165 2 1
331 102 10 0
108 290 13 0
97 165 2 1
332 102 10 0
109 290 13 0
98 165 2 1
333 102 10 0
110 290 13 0
334 102 10 0
111 290 13 0
335 102 10 0
112 290 13 0
336 102 10 0
113 290 13 0
337 102 10 0
114 290 13 0
338 102 10 0
115 290 13 0
339 102 10 0
116 290 13 0
340 102 10 0
117 290 13 0
341 102 10 0
118 290 13 0
342 102 10 0
119 290 13 0
343 102 10 0
120 290 13 0
344 102 10 0
121 290 13 0
345 102 10 0
122 290 13 0
346 102 10 0
123 290 13 0
347 102 10 0
124 290 13 0
348 102 10 0
125 290 13 0
349 102 10 0
126 290 13 0
350 102 10 0
127 290 13 0
128 290 13 0
129 290 13 0
130 290 13 0
131 290 13 0
132 290 13 0
133 290 13 0
134 290 13 0
135 290 13 0
136 290 13 0
137 290 13 0
138 290 13 0
139 290 13 0
296 24 9 0
140 290 13 0
297 24 9 0
141 290 13 0
298 24 9 0
142 290 13 0
299 24 9 0
143 290 13 0
244 71 3 1
300 24 9 0
144 290 13 0
245 71 3 1
301 24 9 0
145 290 13 0
246 71 3 1
302 24 9 0
146 290 13 0
247 71 3 1
303 24 9 0
147 290 13 0
248 71 3 1
148 290 13 0
249 71 3 1
149 290 13 0
250 71 3 1
150 290 13 0
251 71 3 1
151 290 13 0
252 71 3 1
253 71 3 1
44 259 11 0
45 259 11 0
90 87 7 0
46 259 11 0
91 87 7 0
47 259 11 0
92 87 7 0
48 259 11 0
93 87 7 0
49 259 11 0
94 87 7 0
50 259 11 0
95 87 7 0
96 87 7 0
97 87 7 0
98 87 7 0
60 134 7 0
61 134 7 0
62 134 7 0
63 134 7 0
64 134 7 0
65 134 7 0
66 134 7 0
67 134 7 0
323 196 12 0
324 196 12 0
325 196 12 0
326 196 12 0
327 196 12 0
260 118 4 1
328 196 12 0
261 118 4 1
329 196 12 0
262 118 4 1
263 118 4 1
264 118 4 1
265 118 4 1
266 118 4 1
285 243 12 0
286 243 12 0
287 243 12 0
288 243 12 0
289 243 12 0
290 243 12 0
291 243 12 0
292 243 12 0
293 243 12 0
294 243 12 0
88 181 2 1
89 181 2 1
90 181 2 1
91 181 2 1
92 181 2 1
93 181 2 1
94 181 2 1
305 40 9 0
306 40 9 0
307 40 9 0
308 40 9 0
309 40 9 0
310 40 9 0
311 40 9 0
77 103 7 0
78 103 7 0
79 103 7 0
80 103 7 0
81 103 7 0
82 103 7 0
83 103 7 0
84 103 7 0
279 212 6 1
280 212 6 1
281 212 6 1
282 212 6 1
283 212 6 1
284 212 6 1
285 212 6 1
286 212 6 1
49 150 7 0
50 150 7 0
51 150 7 0
52 150 7 0
53 150 7 0
54 150 7 0
55 150 7 0
323 212 12 0
324 212 12 0
268 259 12 0
325 212 12 0
269 259 12 0
326 212 12 0
270 259 12 0
327 212 12 0
271 259 12 0
328 212 12 0
272 259 12 0
329 212 12 0
273 259 12 0
274 259 12 0
275 259 12 0
276 259 12 0
277 259 12 0
278 259 12 0
268 134 4 1
269 134 4 1
270 134 4 1
271 134 4 1
272 134 4 1
100 150 2 1
101 150 2 1
102 150 2 1
103 150 2 1
104 150 2 1
105 150 2 1
106 150 2 1
107 150 2 1
108 150 2 1
109 150 2 1
110 150 2 1
190 228 5 1
191 228 5 1
192 228 5 1
193 228 5 1
194 228 5 1
195 228 5 1
196 228 5 1
86 197 2 1
87 197 2 1
88 197 2 1
89 197 2 1
257 56 3 1
90 197 2 1
258 56 3 1
91 197 2 1
259 56 3 1
92 197 2 1
260 56 3 1
37 244 11 0
261 56 3 1
38 244 11 0
262 56 3 1
39 244 11 0
263 56 3 1
40 244 11 0
264 56 3 1
41 244 11 0
265 56 3 1
42 244 11 0
266 56 3 1
43 244 11 0
102 72 7 0
103 72 7 0
104 72 7 0
105 72 7 0
106 72 7 0
107 72 7 0
108 72 7 0
109 72 7 0
69 119 7 0
70 119 7 0
71 119 7 0
72 119 7 0
307 56 9 0
73 119 7 0
308 56 9 0
74 119 7 0
309 56 9 0
75 119 7 0
254 103 4 1
310 56 9 0
255 103 4 1
311 56 9 0
256 103 4 1
312 56 9 0
257 103 4 1
313 56 9 0
258 103 4 1
259 103 4 1
260 103 4 1
247 275 12 0
248 275 12 0
249 275 12 0
250 275 12 0
251 275 12 0
252 275 12 0
253 275 12 0
231 25 8 0
254 275 12 0
232 25 8 0
255 275 12 0
233 25 8 0
256 275 12 0
234 25 8 0
235 25 8 0
236 25 8 0
237 25 8 0
238 25 8 0
239 25 8 0
240 25 8 0
241 25 8 0
242 25 8 0
243 25 8 0
244 25 8 0
323 228 12 0
245 25 8 0
324 228 12 0
246 25 8 0
325 228 12 0
247 25 8 0
326 228 12 0
248 25 8 0
327 228 12 0
249 25 8 0
328 228 12 0
250 25 8 0
329 228 12 0
251 25 8 0
98 291 13 0
99 291 13 0
100 291 13 0
101 291 13 0
102 291 13 0
103 291 13 0
92 166 2 1
104 291 13 0
93 166 2 1
105 291 13 0
94 166 2 1
106 291 13 0
95 166 2 1
107 291 13 0
96 166 2 1
108 291 13 0
97 166 2 1
332 103 10 0
109 291 13 0
98 166 2 1
333 103 10 0
110 291 13 0
334 103 10 0
111 291 13 0
335 103 10 0
112 291 13 0
336 103 10 0
113 291 13 0
337 103 10 0
114 291 13 0
338 103 10 0
115 291 13 0
339 103 10 0
116 291 13 0
340 103 10 0
117 291 13 0
341 103 10 0
118 291 13 0
342 103 10 0
119 291 13 0
343 103 10 0
120 291 13 0
344 103 10 0
121 291 13 0
345 103 10 0
122 291 13 0
346 103 10 0
123 291 13 0
347 103 10 0
124 291 13 0
348 103 10 0
125 291 13 0
126 291 13 0
127 291 13 0
128 291 13 0
129 291 13 0
130 291 13 0
131 291 13 0
132 291 13 0
133 291 13 0
134 291 13 0
135 291 13 0
136 291 13 0
137 291 13 0
138 291 13 0
139 291 13 0
140 291 13 0
297 25 9 0
141 291 13 0
298 25 9 0
142 291 13 0
243 72 3 1
299 25 9 0
143 291 13 0
244 72 3 1
300 25 9 0
144 291 13 0
245 72 3 1
301 25 9 0
145 291 13 0
246 72 3 1
302 25 9 0
146 291 13 0
247 72 3 1
303 25 9 0
147 291 13 0
248 72 3 1
304 25 9 0
148 291 13 0
249 72 3 1
149 291 13 0
250 72 3 1
150 291 13 0
251 72 3 1
252 72 3 1
89 88 7 0
45 260 11 0
90 88 7 0
46 260 11 0
91 88 7 0
47 260 11 0
92 88 7 0
48 260 11 0
93 88 7 0
49 260 11 0
94 88 7 0
50 260 11 0
95 88 7 0
51 260 11 0
96 88 7 0
97 88 7 0
59 135 7 0
60 135 7 0
61 135 7 0
62 135 7 0
63 135 7 0
64 135 7 0
65 135 7 0
66 135 7 0
323 197 12 0
324 197 12 0
325 197 12 0
326 197 12 0
327 197 12 0
328 197 12 0
261 119 4 1
329 197 12 0
262 119 4 1
263 119 4 1
264 119 4 1
265 119 4 1
266 119 4 1
267 119 4 1
284 244 12 0
285 244 12 0
286 244 12 0
287 244 12 0
288 244 12 0
289 244 12 0
290 244 12 0
291 244 12 0
292 244 12 0
137 135 2 1
138 135 2 1
139 135 2 1
140 135 2 1
141 135 2 1
88 182 2 1
89 182 2 1
90 182 2 1
91 182 2 1
92 182 2 1
93 182 2 1
94 182 2 1
305 41 9 0
306 41 9 0
307 41 9 0
308 41 9 0
309 41 9 0
310 41 9 0
311 41 9 0
77 104 7 0
78 104 7 0
79 104 7 0
80 104 7 0
81 104 7 0
82 104 7 0
83 104 7 0
279 213 6 1
280 213 6 1
281 213 6 1
282 213 6 1
283 213 6 1
284 213 6 1
285 213 6 1
48 151 7 0
49 151 7 0
50 151 7 0
51 151 7 0
52 151 7 0
53 151 7 0
54 151 7 0
55 151 7 0
323 213 12 0
267 260 12 0
324 213 12 0
268 260 12 0
325 213 12 0
269 260 12 0
326 213 12 0
270 260 12 0
327 213 12 0
271 260 12 0
328 213 12 0
272 260 12 0
329 213 12 0
273 260 12 0
274 260 12 0
275 260 12 0
276 260 12 0
277 260 12 0
268 135 4 1
269 135 4 1
270 135 4 1
271 135 4 1
272 135 4 1
99 151 2 1
100 151 2 1
101 151 2 1
102 151 2 1
103 151 2 1
104 151 2 1
105 151 2 1
106 151 2 1
107 151 2 1
190 229 5 1
191 229 5 1
192 229 5 1
193 229 5 1
194 229 5 1
195 229 5 1
196 229 5 1
85 198 2 1
86 198 2 1
87 198 2 1
88 198 2 1
256 57 3 1
89 198 2 1
257 57 3 1
90 198 2 1
258 57 3 1
91 198 2 1
259 57 3 1
260 57 3 1
37 245 11 0
261 57 3 1
38 245 11 0
262 57 3 1
39 245 11 0
263 57 3 1
40 245 11 0
264 57 3 1
41 245 11 0
265 57 3 1
42 245 11 0
43 245 11 0
44 245 11 0
101 73 7 0
102 73 7 0
103 73 7 0
104 73 7 0
105 73 7 0
106 73 7 0
107 73 7 0
108 73 7 0
69 120 7 0
70 120 7 0
71 120 7 0
72 120 7 0
73 120 7 0
308 57 9 0
74 120 7 0
309 57 9 0
75 120 7 0
254 104 4 1
310 57 9 0
255 104 4 1
311 57 9 0
256 104 4 1
312 57 9 0
257 104 4 1
313 57 9 0
258 104 4 1
314 57 9 0
259 104 4 1
260 104 4 1
246 276 12 0
247 276 12 0
248 276 12 0
249 276 12 0
250 276 12 0
251 276 12 0
229 26 8 0
252 276 12 0
230 26 8 0
253 276 12 0
231 26 8 0
254 276 12 0
232 26 8 0
255 276 12 0
233 26 8 0
234 26 8 0
235 26 8 0
236 26 8 0
237 26 8 0
238 26 8 0
239 26 8 0
240 26 8 0
241 26 8 0
242 26 8 0
243 26 8 0
244 26 8 0
323 229 12 0
245 26 8 0
324 229 12 0
246 26 8 0
325 229 12 0
247 26 8 0
326 229 12 0
248 26 8 0
327 229 12 0
249 26 8 0
328 229 12 0
329 229 12 0
102 292 13 0
91 167 2 1
103 292 13 0
92 167 2 1
104 292 13 0
93 167 2 1
105 292 13 0
94 167 2 1
106 292 13 0
95 167 2 1
107 292 13 0
96 167 2 1
108 292 13 0
97 167 2 1
109 292 13 0
110 292 13 0
111 292 13 0
112 292 13 0
113 292 13 0
114 292 13 0
115 292 13 0
116 292 13 0
117 292 13 0
118 292 13 0
119 292 13 0
120 292 13 0
121 292 13 0
122 292 13 0
123 292 13 0
124 292 13 0
125 292 13 0
126 292 13 0
127 292 13 0
128 292 13 0
129 292 13 0
130 292 13 0
131 292 13 0
132 292 13 0
133 292 13 0
134 292 13 0
135 292 13 0
136 292 13 0
137 292 13 0
138 292 13 0
139 292 13 0
140 292 13 0
241 73 3 1
297 26 9 0
141 292 13 0
242 73 3 1
298 26 9 0
142 292 13 0
243 73 3 1
299 26 9 0
143 292 13 0
244 73 3 1
300 26 9 0
144 292 13 0
245 73 3 1
301 26 9 0
145 292 13 0
246 73 3 1
302 26 9 0
146 292 13 0
247 73 3 1
303 26 9 0
147 292 13 0
248 73 3 1
304 26 9 0
148 292 13 0
249 73 3 1
305 26 9 0
149 292 13 0
250 73 3 1
150 292 13 0
251 73 3 1
89 89 7 0
45 261 11 0
90 89 7 0
46 261 11 0
91 89 7 0
47 261 11 0
92 89 7 0
48 261 11 0
93 89 7 0
49 261 11 0
94 89 7 0
50 261 11 0
95 89 7 0
51 261 11 0
96 89 7 0
58 136 7 0
59 136 7 0
60 136 7 0
61 136 7 0
62 136 7 0
63 136 7 0
64 136 7 0
65 136 7 0
323 198 12 0
324 198 12 0
325 198 12 0
326 198 12 0
327 198 12 0
328 198 12 0
261 120 4 1
329 198 12 0
262 120 4 1
263 120 4 1
264 120 4 1
265 120 4 1
266 120 4 1
267 120 4 1
283 245 12 0
284 245 12 0
285 245 12 0
286 245 12 0
287 245 12 0
288 245 12 0
289 245 12 0
290 245 12 0
291 245 12 0
134 136 2 1
135 136 2 1
136 136 2 1
137 136 2 1
138 136 2 1
139 136 2 1
140 136 2 1
141 136 2 1
142 136 2 1
87 183 2 1
143 136 2 1
88 183 2 1
89 183 2 1
90 183 2 1
91 183 2 1
92 183 2 1
93 183 2 1
305 42 9 0
306 42 9 0
307 42 9 0
308 42 9 0
309 42 9 0
310 42 9 0
76 105 7 0
311 42 9 0
77 105 7 0
78 105 7 0
79 105 7 0
80 105 7 0
81 105 7 0
82 105 7 0
83 105 7 0
279 214 6 1
280 214 6 1
281 214 6 1
282 214 6 1
283 214 6 1
284 214 6 1
285 214 6 1
48 152 7 0
49 152 7 0
50 152 7 0
51 152 7 0
52 152 7 0
53 152 7 0
54 152 7 0
266 261 12 0
323 214 12 0
267 261 12 0
324 214 12 0
268 261 12 0
325 214 12 0
269 261 12 0
326 214 12 0
270 261 12 0
327 214 12 0
271 261 12 0
328 214 12 0
272 261 12 0
329 214 12 0
273 261 12 0
274 261 12 0
275 261 12 0
270 136 4 1
99 152 2 1
100 152 2 1
101 152 2 1
102 152 2 1
103 152 2 1
104 152 2 1
105 152 2 1
106 152 2 1
107 152 2 1
189 230 5 1
190 230 5 1
191 230 5 1
192 230 5 1
193 230 5 1
194 230 5 1
195 230 5 1
196 230 5 1
86 199 2 1
87 199 2 1
255 58 3 1
88 199 2 1
256 58 3 1
89 199 2 1
257 58 3 1
90 199 2 1
258 58 3 1
91 199 2 1
259 58 3 1
260 58 3 1
261 58 3 1
38 246 11 0
262 58 3 1
39 246 11 0
263 58 3 1
40 246 11 0
264 58 3 1
41 246 11 0
265 58 3 1
42 246 11 0
43 246 11 0
44 246 11 0
100 74 7 0
101 74 7 0
102 74 7 0
103 74 7 0
104 74 7 0
105 74 7 0
106 74 7 0
107 74 7 0
108 74 7 0
68 121 7 0
69 121 7 0
70 121 7 0
71 121 7 0
72 121 7 0
73 121 7 0
308 58 9 0
74 121 7 0
309 58 9 0
310 58 9 0
255 105 4 1
311 58 9 0
256 105 4 1
312 58 9 0
257 105 4 1
313 58 9 0
258 105 4 1
314 58 9 0
259 105 4 1
260 105 4 1
261 105 4 1
245 277 12 0
246 277 12 0
247 277 12 0
248 277 12 0
249 277 12 0
227 27 8 0
250 277 12 0
228 27 8 0
251 277 12 0
229 27 8 0
252 277 12 0
230 27 8 0
253 277 12 0
231 27 8 0
254 277 12 0
232 27 8 0
233 27 8 0
234 27 8 0
235 27 8 0
236 27 8 0
237 27 8 0
238 27 8 0
239 27 8 0
240 27 8 0
241 27 8 0
242 27 8 0
243 27 8 0
322 230 12 0
244 27 8 0
323 230 12 0
245 27 8 0
324 230 12 0
246 27 8 0
325 230 12 0
326 230 12 0
327 230 12 0
328 230 12 0
91 168 2 1
92 168 2 1
104 293 13 0
93 168 2 1
105 293 13 0
94 168 2 1
106 293 13 0
95 168 2 1
107 293 13 0
96 168 2 1
108 293 13 0
97 168 2 1
109 293 13 0
110 293 13 0
111 293 13 0
112 293 13 0
113 293 13 0
114 293 13 0
115 293 13 0
116 293 13 0
117 293 13 0
118 293 13 0
119 293 13 0
120 293 13 0
121 293 13 0
122 293 13 0
123 293 13 0
124 293 13 0
125 293 13 0
126 293 13 0
127 293 13 0
128 293 13 0
129 293 13 0
130 293 13 0
131 293 13 0
132 293 13 0
133 293 13 0
134 293 13 0
135 293 13 0
136 293 13 0
137 293 13 0
138 293 13 0
239 74 3 1
139 293 13 0
240 74 3 1
140 293 13 0
241 74 3 1
141 293 13 0
242 74 3 1
298 27 9 0
142 293 13 0
243 74 3 1
299 27 9 0
143 293 13 0
244 74 3 1
300 27 9 0
144 293 13 0
245 74 3 1
301 27 9 0
145 293 13 0
246 74 3 1
302 27 9 0
146 293 13 0
247 74 3 1
303 27 9 0
147 293 13 0
248 74 3 1
304 27 9 0
148 293 13 0
249 74 3 1
305 27 9 0
250 74 3 1
306 27 9 0
88 90 7 0
89 90 7 0
90 90 7 0
46 262 11 0
91 90 7 0
47 262 11 0
92 90 7 0
48 262 11 0
93 90 7 0
49 262 11 0
94 90 7 0
50 262 11 0
95 90 7 0
51 262 11 0
52 262 11 0
58 137 7 0
59 137 7 0
60 137 7 0
61 137 7 0
62 137 7 0
63 137 7 0
64 137 7 0
65 137 7 0
323 199 12 0
324 199 12 0
325 199 12 0
326 199 12 0
327 199 12 0
328 199 12 0
329 199 12 0
262 121 4 1
263 121 4 1
264 121 4 1
265 121 4 1
266 121 4 1
267 121 4 1
268 121 4 1
282 246 12 0
283 246 12 0
284 246 12 0
285 246 12 0
286 246 12 0
287 246 12 0
288 246 12 0
289 246 12 0
290 246 12 0
131 137 2 1
132 137 2 1
133 137 2 1
134 137 2 1
135 137 2 1
136 137 2 1
137 137 2 1
138 137 2 1
139 137 2 1
140 137 2 1
141 137 2 1
142 137 2 1
87 184 2 1
143 137 2 1
88 184 2 1
89 184 2 1
90 184 2 1
91 184 2 1
92 184 2 1
93 184 2 1
305 43 9 0
306 43 9 0
307 43 9 0
308 43 9 0
309 43 9 0
310 43 9 0
76 106 7 0
311 43 9 0
77 106 7 0
78 106 7 0
79 106 7 0
80 106 7 0
81 106 7 0
82 106 7 0
278 215 6 1
279 215 6 1
280 215 6 1
281 215 6 1
282 215 6 1
283 215 6 1
284 215 6 1
47 153 7 0
48 153 7 0
49 153 7 0
50 153 7 0
51 153 7 0
52 153 7 0
53 153 7 0
265 262 12 0
266 262 12 0
323 215 12 0
267 262 12 0
324 215 12 0
268 262 12 0
325 215 12 0
269 262 12 0
326 215 12 0
270 262 12 0
327 215 12 0
271 262 12 0
328 215 12 0
272 262 12 0
329 215 12 0
273 262 12 0
274 262 12 0
98 153 2 1
99 153 2 1
100 153 2 1
101 153 2 1
102 153 2 1
103 153 2 1
104 153 2 1
105 153 2 1
106 153 2 1
190 231 5 1
191 231 5 1
192 231 5 1
193 231 5 1
194 231 5 1
195 231 5 1
196 231 5 1
86 200 2 1
254 59 3 1
87 200 2 1
255 59 3 1
88 200 2 1
256 59 3 1
89 200 2 1
257 59 3 1
90 200 2 1
258 59 3 1
259 59 3 1
260 59 3 1
261 59 3 1
38 247 11 0
262 59 3 1
39 247 11 0
263 59 3 1
40 247 11 0
41 247 11 0
42 247 11 0
43 247 11 0
44 247 11 0
45 247 11 0
99 75 7 0
100 75 7 0
101 75 7 0
102 75 7 0
103 75 7 0
104 75 7 0
105 75 7 0
106 75 7 0
107 75 7 0
68 122 7 0
69 122 7 0
70 122 7 0
71 122 7 0
72 122 7 0
73 122 7 0
308 59 9 0
74 122 7 0
309 59 9 0
310 59 9 0
255 106 4 1
311 59 9 0
256 106 4 1
312 59 9 0
257 106 4 1
313 59 9 0
258 106 4 1
314 59 9 0
259 106 4 1
315 59 9 0
260 106 4 1
261 106 4 1
217 28 8 0
218 28 8 0
219 28 8 0
220 28 8 0
221 28 8 0
244 278 12 0
222 28 8 0
245 278 12 0
223 28 8 0
302 231 12 0
246 278 12 0
224 28 8 0
303 231 12 0
247 278 12 0
225 28 8 0
304 231 12 0
248 278 12 0
226 28 8 0
305 231 12 0
249 278 12 0
227 28 8 0
250 278 12 0
228 28 8 0
251 278 12 0
229 28 8 0
252 278 12 0
230 28 8 0
253 278 12 0
231 28 8 0
232 28 8 0
233 28 8 0
234 28 8 0
235 28 8 0
236 28 8 0
237 28 8 0
238 28 8 0
239 28 8 0
322 231 12 0
323 231 12 0
324 231 12 0
325 231 12 0
326 231 12 0
327 231 12 0
328 231 12 0
90 169 2 1
91 169 2 1
92 169 2 1
93 169 2 1
94 169 2 1
95 169 2 1
96 169 2 1
211 75 3 1
237 75 3 1
238 75 3 1
239 75 3 1
240 75 3 1
241 75 3 1
242 75 3 1
243 75 3 1
299 28 9 0
244 75 3 1
300 28 9 0
245 75 3 1
301 28 9 0
246 75 3 1
302 28 9 0
247 75 3 1
303 28 9 0
248 75 3 1
304 28 9 0
305 28 9 0
306 28 9 0
307 28 9 0
87 91 7 0
88 91 7 0
89 91 7 0
90 91 7 0
158 169 14 0
46 263 11 0
91 91 7 0
47 263 11 0
92 91 7 0
48 263 11 0
93 91 7 0
49 263 11 0
94 91 7 0
50 263 11 0
51 263 11 0
52 263 11 0
53 263 11 0
57 138 7 0
58 138 7 0
59 138 7 0
60 138 7 0
61 138 7 0
62 138 7 0
63 138 7 0
64 138 7 0
323 200 12 0
324 200 12 0
325 200 12 0
326 200 12 0
327 200 12 0
328 200 12 0
329 200 12 0
262 122 4 1
263 122 4 1
264 122 4 1
265 122 4 1
266 122 4 1
267 122 4 1
268 122 4 1
281 247 12 0
282 247 12 0
283 247 12 0
284 247 12 0
285 247 12 0
286 247 12 0
287 247 12 0
288 247 12 0
289 247 12 0
129 138 2 1
130 138 2 1
131 138 2 1
132 138 2 1
133 138 2 1
134 138 2 1
135 138 2 1
136 138 2 1
137 138 2 1
138 138 2 1
139 138 2 1
140 138 2 1
141 138 2 1
142 138 2 1
87 185 2 1
143 138 2 1
88 185 2 1
144 138 2 1
89 185 2 1
90 185 2 1
91 185 2 1
92 185 2 1
93 185 2 1
305 44 9 0
306 44 9 0
307 44 9 0
308 44 9 0
309 44 9 0
75 107 7 0
310 44 9 0
76 107 7 0
311 44 9 0
77 107 7 0
78 107 7 0
79 107 7 0
80 107 7 0
81 107 7 0
278 216 6 1
279 216 6 1
280 216 6 1
281 216 6 1
282 216 6 1
283 216 6 1
284 216 6 1
47 154 7 0
48 154 7 0
49 154 7 0
50 154 7 0
51 154 7 0
52 154 7 0
53 154 7 0
264 263 12 0
265 263 12 0
266 263 12 0
323 216 12 0
267 263 12 0
324 216 12 0
268 263 12 0
325 216 12 0
269 263 12 0
326 216 12 0
270 263 12 0
327 216 12 0
271 263 12 0
328 216 12 0
272 263 12 0
329 216 12 0
273 263 12 0
98 154 2 1
99 154 2 1
100 154 2 1
101 154 2 1
102 154 2 1
103 154 2 1
104 154 2 1
105 154 2 1
190 232 5 1
191 232 5 1
192 232 5 1
193 232 5 1
194 232 5 1
195 232 5 1
254 60 3 1
255 60 3 1
88 201 2 1
256 60 3 1
257 60 3 1
258 60 3 1
259 60 3 1
260 60 3 1
261 60 3 1
39 248 11 0
40 248 11 0
41 248 11 0
42 248 11 0
43 248 11 0
44 248 11 0
45 248 11 0
98 76 7 0
99 76 7 0
100 76 7 0
101 76 7 0
102 76 7 0
103 76 7 0
104 76 7 0
105 76 7 0
106 76 7 0
67 123 7 0
68 123 7 0
69 123 7 0
70 123 7 0
71 123 7 0
72 123 7 0
73 123 7 0
308 60 9 0
309 60 9 0
310 60 9 0
311 60 9 0
256 107 4 1
312 60 9 0
257 107 4 1
313 60 9 0
258 107 4 1
314 60 9 0
259 107 4 1
315 60 9 0
260 107 4 1
316 60 9 0
261 107 4 1
317 60 9 0
262 107 4 1
215 29 8 0
216 29 8 0
217 29 8 0
218 29 8 0
219 29 8 0
220 29 8 0
243 279 12 0
221 29 8 0
300 232 12 0
244 279 12 0
222 29 8 0
301 232 12 0
245 279 12 0
223 29 8 0
302 232 12 0
246 279 12 0
224 29 8 0
303 232 12 0
247 279 12 0
225 29 8 0
304 232 12 0
248 279 12 0
226 29 8 0
305 232 12 0
249 279 12 0
227 29 8 0
306 232 12 0
250 279 12 0
228 29 8 0
307 232 12 0
251 279 12 0
229 29 8 0
230 29 8 0
231 29 8 0
232 29 8 0
233 29 8 0
234 29 8 0
235 29 8 0
321 232 12 0
322 232 12 0
323 232 12 0
324 232 12 0
325 232 12 0
326 232 12 0
327 232 12 0
90 170 2 1
91 170 2 1
92 170 2 1
93 170 2 1
94 170 2 1
95 170 2 1
96 170 2 1
209 76 3 1
210 76 3 1
211 76 3 1
212 76 3 1
213 76 3 1
214 76 3 1
215 76 3 1
216 76 3 1
230 76 3 1
231 76 3 1
232 76 3 1
233 76 3 1
234 76 3 1
235 76 3 1
236 76 3 1
237 76 3 1
238 76 3 1
239 76 3 1
240 76 3 1
241 76 3 1
242 76 3 1
243 76 3 1
244 76 3 1
300 29 9 0
245 76 3 1
301 29 9 0
246 76 3 1
302 29 9 0
247 76 3 1
303 29 9 0
304 29 9 0
305 29 9 0
306 29 9 0
307 29 9 0
86 92 7 0
87 92 7 0
88 92 7 0
156 170 14 0
89 92 7 0
157 170 14 0
90 92 7 0
158 170 14 0
91 92 7 0
159 170 14 0
47 264 11 0
92 92 7 0
160 170 14 0
48 264 11 0
93 92 7 0
49 264 11 0
50 264 11 0
51 264 11 0
52 264 11 0
53 264 11 0
56 139 7 0
57 139 7 0
58 139 7 0
59 139 7 0
60 139 7 0
61 139 7 0
62 139 7 0
63 139 7 0
323 201 12 0
324 201 12 0
325 201 12 0
326 201 12 0
327 201 12 0
328 201 12 0
329 201 12 0
262 123 4 1
263 123 4 1
264 123 4 1
265 123 4 1
266 123 4 1
267 123 4 1
268 123 4 1
280 248 12 0
281 248 12 0
282 248 12 0
283 248 12 0
284 248 12 0
285 248 12 0
286 248 12 0
287 248 12 0
288 248 12 0
188 217 5 1
189 217 5 1
127 139 2 1
128 139 2 1
129 139 2 1
130 139 2 1
131 139 2 1
132 139 2 1
133 139 2 1
134 139 2 1
135 139 2 1
136 139 2 1
137 139 2 1
138 139 2 1
139 139 2 1
140 139 2 1
141 139 2 1
142 139 2 1
87 186 2 1
143 139 2 1
88 186 2 1
89 186 2 1
90 186 2 1
91 186 2 1
36 233 11 0
92 186 2 1
93 186 2 1
305 45 9 0
306 45 9 0
307 45 9 0
308 45 9 0
309 45 9 0
75 108 7 0
310 45 9 0
76 108 7 0
311 45 9 0
77 108 7 0
78 108 7 0
79 108 7 0
80 108 7 0
81 108 7 0
279 217 6 1
280 217 6 1
281 217 6 1
282 217 6 1
283 217 6 1
45 155 7 0
46 155 7 0
47 155 7 0
48 155 7 0
49 155 7 0
50 155 7 0
51 155 7 0
52 155 7 0
263 264 12 0
264 264 12 0
265 264 12 0
266 264 12 0
323 217 12 0
267 264 12 0
324 217 12 0
268 264 12 0
325 217 12 0
269 264 12 0
326 217 12 0
270 264 12 0
327 217 12 0
271 264 12 0
328 217 12 0
329 217 12 0
97 155 2 1
98 155 2 1
99 155 2 1
100 155 2 1
101 155 2 1
102 155 2 1
103 155 2 1
191 233 5 1
192 233 5 1
193 233 5 1
194 233 5 1
195 233 5 1
253 61 3 1
254 61 3 1
255 61 3 1
256 61 3 1
257 61 3 1
258 61 3 1
259 61 3 1
260 61 3 1
40 249 11 0
41 249 11 0
42 249 11 0
43 249 11 0
44 249 11 0
45 249 11 0
46 249 11 0
98 77 7 0
99 77 7 0
100 77 7 0
101 77 7 0
102 77 7 0
103 77 7 0
104 77 7 0
105 77 7 0
67 124 7 0
68 124 7 0
69 124 7 0
70 124 7 0
71 124 7 0
72 124 7 0
73 124 7 0
309 61 9 0
310 61 9 0
311 61 9 0
256 108 4 1
312 61 9 0
257 108 4 1
313 61 9 0
258 108 4 1
314 61 9 0
259 108 4 1
315 61 9 0
260 108 4 1
316 61 9 0
261 108 4 1
317 61 9 0
262 108 4 1
215 30 8 0
216 30 8 0
217 30 8 0
218 30 8 0
219 30 8 0
241 280 12 0
298 233 12 0
220 30 8 0
242 280 12 0
299 233 12 0
221 30 8 0
243 280 12 0
300 233 12 0
222 30 8 0
244 280 12 0
301 233 12 0
223 30 8 0
245 280 12 0
302 233 12 0
224 30 8 0
246 280 12 0
303 233 12 0
225 30 8 0
247 280 12 0
304 233 12 0
226 30 8 0
248 280 12 0
305 233 12 0
227 30 8 0
249 280 12 0
306 233 12 0
228 30 8 0
250 280 12 0
307 233 12 0
229 30 8 0
308 233 12 0
230 30 8 0
309 233 12 0
231 30 8 0
232 30 8 0
233 30 8 0
234 30 8 0
321 233 12 0
322 233 12 0
323 233 12 0
324 233 12 0
325 233 12 0
326 233 12 0
327 233 12 0
90 171 2 1
91 171 2 1
92 171 2 1
93 171 2 1
94 171 2 1
95 171 2 1
96 171 2 1
209 77 3 1
210 77 3 1
211 77 3 1
212 77 3 1
213 77 3 1
214 77 3 1
215 77 3 1
216 77 3 1
217 77 3 1
218 77 3 1
222 77 3 1
223 77 3 1
224 77 3 1
225 77 3 1
226 77 3 1
227 77 3 1
228 77 3 1
229 77 3 1
230 77 3 1
231 77 3 1
232 77 3 1
233 77 3 1
234 77 3 1
235 77 3 1
236 77 3 1
237 77 3 1
238 77 3 1
239 77 3 1
240 77 3 1
241 77 3 1
242 77 3 1
243 77 3 1
244 77 3 1
245 77 3 1
301 30 9 0
246 77 3 1
302 30 9 0
303 30 9 0
304 30 9 0
305 30 9 0
306 30 9 0
307 30 9 0
308 30 9 0
85 93 7 0
86 93 7 0
87 93 7 0
88 93 7 0
156 171 14 0
89 93 7 0
157 171 14 0
90 93 7 0
158 171 14 0
91 93 7 0
159 171 14 0
92 93 7 0
47 265 11 0
160 171 14 0
93 93 7 0
48 265 11 0
49 265 11 0
50 265 11 0
285 202 6 1
51 265 11 0
52 265 11 0
53 265 11 0
54 265 11 0
55 140 7 0
56 140 7 0
57 140 7 0
58 140 7 0
59 140 7 0
60 140 7 0
61 140 7 0
62 140 7 0
323 202 12 0
324 202 12 0
325 202 12 0
326 202 12 0
327 202 12 0
328 202 12 0
329 202 12 0
263 124 4 1
264 124 4 1
265 124 4 1
266 124 4 1
267 124 4 1
279 249 12 0
268 124 4 1
280 249 12 0
269 124 4 1
281 249 12 0
282 249 12 0
283 249 12 0
284 249 12 0
285 249 12 0
286 249 12 0
287 249 12 0
186 218 5 1
187 218 5 1
188 218 5 1
189 218 5 1
190 218 5 1
191 218 5 1
125 140 2 1
126 140 2 1
127 140 2 1
128 140 2 1
129 140 2 1
130 140 2 1
131 140 2 1
132 140 2 1
133 140 2 1
134 140 2 1
135 140 2 1
136 140 2 1
137 140 2 1
138 140 2 1
139 140 2 1
140 140 2 1
141 140 2 1
142 140 2 1
87 187 2 1
143 140 2 1
88 187 2 1
89 187 2 1
34 234 11 0
90 187 2 1
35 234 11 0
91 187 2 1
36 234 11 0
92 187 2 1
37 234 11 0
93 187 2 1
38 234 11 0
305 46 9 0
306 46 9 0
307 46 9 0
308 46 9 0
74 109 7 0
309 46 9 0
75 109 7 0
310 46 9 0
76 109 7 0
311 46 9 0
77 109 7 0
78 109 7 0
79 109 7 0
80 109 7 0
279 218 6 1
280 218 6 1
281 218 6 1
282 218 6 1
283 218 6 1
45 156 7 0
46 156 7 0
47 156 7 0
48 156 7 0
49 156 7 0
50 156 7 0
51 156 7 0
52 156 7 0
262 265 12 0
263 265 12 0
264 265 12 0
265 265 12 0
266 265 12 0
323 218 12 0
267 265 12 0
324 218 12 0
268 265 12 0
325 218 12 0
269 265 12 0
326 218 12 0
270 265 12 0
327 218 12 0
328 218 12 0
329 218 12 0
97 156 2 1
98 156 2 1
99 156 2 1
100 156 2 1
101 156 2 1
102 156 2 1
103 156 2 1
193 234 5 1
