455 256 256
150 97 -1 1
149 97 -1 1
148 97 -1 1
147 97 -1 1
146 97 -1 1
145 97 -1 1
144 97 -1 1
143 97 -1 1
142 97 -1 1
141 97 -1 1
140 97 -1 1
152 96 -1 1
151 96 -1 1
150 96 -1 1
149 96 -1 1
148 96 -1 1
147 96 -1 1
146 96 -1 1
145 96 -1 1
144 96 -1 1
143 96 -1 1
142 96 -1 1
141 96 -1 1
140 96 -1 1
139 96 -1 1
138 96 -1 1
137 96 -1 1
136 96 -1 1
135 96 -1 1
134 96 -1 1
154 95 -1 1
153 95 -1 1
152 95 -1 1
151 95 -1 1
150 95 -1 1
149 95 -1 1
148 95 -1 1
147 95 -1 1
146 95 -1 1
145 95 -1 1
144 95 -1 1
143 95 -1 1
142 95 -1 1
141 95 -1 1
140 95 -1 1
139 95 -1 1
138 95 -1 1
137 95 -1 1
136 95 -1 1
135 95 -1 1
134 95 -1 1
133 95 -1 1
132 95 -1 1
156 94 -1 1
155 94 -1 1
154 94 -1 1
153 94 -1 1
152 94 -1 1
151 94 -1 1
150 94 -1 1
149 94 -1 1
148 94 -1 1
147 94 -1 1
146 94 -1 1
145 94 -1 1
144 94 -1 1
143 94 -1 1
142 94 -1 1
141 94 -1 1
140 94 -1 1
139 94 -1 1
138 94 -1 1
137 94 -1 1
136 94 -1 1
135 94 -1 1
134 94 -1 1
133 94 -1 1
132 94 -1 1
131 94 -1 1
130 94 -1 1
156 93 -1 1
155 93 -1 1
154 93 -1 1
153 93 -1 1
152 93 -1 1
151 93 -1 1
150 93 -1 1
149 93 -1 1
148 93 -1 1
147 93 -1 1
146 93 -1 1
145 93 -1 1
144 93 -1 1
143 93 -1 1
142 93 -1 1
141 93 -1 1
140 93 -1 1
139 93 -1 1
138 93 -1 1
137 93 -1 1
136 93 -1 1
135 93 -1 1
134 93 -1 1
133 93 -1 1
132 93 -1 1
131 93 -1 1
130 93 -1 1
129 93 -1 1
157 92 -1 1
156 92 -1 1
155 92 -1 1
154 92 -1 1
153 92 -1 1
152 92 -1 1
151 92 -1 1
150 92 -1 1
149 92 -1 1
148 92 -1 1
147 92 -1 1
146 92 -1 1
145 92 -1 1
144 92 -1 1
143 92 -1 1
142 92 -1 1
141 92 -1 1
140 92 -1 1
139 92 -1 1
138 92 -1 1
137 92 -1 1
136 92 -1 1
135 92 -1 1
134 92 -1 1
133 92 -1 1
132 92 -1 1
131 92 -1 1
130 92 -1 1
129 92 -1 1
128 92 -1 1
157 91 -1 1
156 91 -1 1
155 91 -1 1
154 91 -1 1
153 91 -1 1
152 91 -1 1
151 91 -1 1
150 91 -1 1
149 91 -1 1
148 91 -1 1
147 91 -1 1
146 91 -1 1
145 91 -1 1
144 91 -1 1
143 91 -1 1
142 91 -1 1
141 91 -1 1
140 91 -1 1
139 91 -1 1
138 91 -1 1
137 91 -1 1
136 91 -1 1
135 91 -1 1
134 91 -1 1
133 91 -1 1
132 91 -1 1
131 91 -1 1
130 91 -1 1
129 91 -1 1
128 91 -1 1
127 91 -1 1
158 90 -1 1
157 90 -1 1
156 90 -1 1
155 90 -1 1
154 90 -1 1
153 90 -1 1
152 90 -1 1
151 90 -1 1
150 90 -1 1
140 90 -1 1
139 90 -1 1
138 90 -1 1
137 90 -1 1
136 90 -1 1
135 90 -1 1
134 90 -1 1
133 90 -1 1
132 90 -1 1
131 90 -1 1
130 90 -1 1
129 90 -1 1
128 90 -1 1
127 90 -1 1
126 90 -1 1
158 89 -1 1
157 89 -1 1
156 89 -1 1
155 89 -1 1
154 89 -1 1
153 89 -1 1
152 89 -1 1
134 89 -1 1
133 89 -1 1
132 89 -1 1
131 89 -1 1
130 89 -1 1
129 89 -1 1
128 89 -1 1
127 89 -1 1
126 89 -1 1
125 89 -1 1
104 89 -1 1
159 88 -1 1
158 88 -1 1
157 88 -1 1
156 88 -1 1
155 88 -1 1
154 88 -1 1
153 88 -1 1
152 88 -1 1
133 88 -1 1
132 88 -1 1
131 88 -1 1
130 88 -1 1
129 88 -1 1
128 88 -1 1
127 88 -1 1
126 88 -1 1
125 88 -1 1
124 88 -1 1
123 88 -1 1
107 88 -1 1
106 88 -1 1
105 88 -1 1
104 88 -1 1
103 88 -1 1
102 88 -1 1
159 87 -1 1
158 87 -1 1
157 87 -1 1
156 87 -1 1
155 87 -1 1
154 87 -1 1
153 87 -1 1
132 87 -1 1
131 87 -1 1
130 87 -1 1
129 87 -1 1
128 87 -1 1
127 87 -1 1
126 87 -1 1
125 87 -1 1
124 87 -1 1
123 87 -1 1
122 87 -1 1
111 87 -1 1
110 87 -1 1
109 87 -1 1
108 87 -1 1
107 87 -1 1
106 87 -1 1
105 87 -1 1
104 87 -1 1
103 87 -1 1
102 87 -1 1
159 86 -1 1
158 86 -1 1
157 86 -1 1
156 86 -1 1
155 86 -1 1
154 86 -1 1
153 86 -1 1
131 86 -1 1
130 86 -1 1
129 86 -1 1
128 86 -1 1
127 86 -1 1
126 86 -1 1
125 86 -1 1
124 86 -1 1
123 86 -1 1
122 86 -1 1
121 86 -1 1
120 86 -1 1
119 86 -1 1
118 86 -1 1
117 86 -1 1
116 86 -1 1
115 86 -1 1
114 86 -1 1
113 86 -1 1
112 86 -1 1
111 86 -1 1
110 86 -1 1
109 86 -1 1
108 86 -1 1
107 86 -1 1
106 86 -1 1
105 86 -1 1
104 86 -1 1
103 86 -1 1
102 86 -1 1
101 86 -1 1
159 85 -1 1
158 85 -1 1
157 85 -1 1
156 85 -1 1
155 85 -1 1
154 85 -1 1
153 85 -1 1
130 85 -1 1
129 85 -1 1
128 85 -1 1
127 85 -1 1
126 85 -1 1
125 85 -1 1
124 85 -1 1
123 85 -1 1
122 85 -1 1
121 85 -1 1
120 85 -1 1
119 85 -1 1
118 85 -1 1
117 85 -1 1
116 85 -1 1
115 85 -1 1
114 85 -1 1
113 85 -1 1
112 85 -1 1
111 85 -1 1
110 85 -1 1
109 85 -1 1
108 85 -1 1
107 85 -1 1
106 85 -1 1
105 85 -1 1
104 85 -1 1
103 85 -1 1
102 85 -1 1
101 85 -1 1
158 84 -1 1
157 84 -1 1
156 84 -1 1
155 84 -1 1
154 84 -1 1
128 84 -1 1
127 84 -1 1
126 84 -1 1
125 84 -1 1
124 84 -1 1
123 84 -1 1
122 84 -1 1
121 84 -1 1
120 84 -1 1
119 84 -1 1
118 84 -1 1
117 84 -1 1
116 84 -1 1
115 84 -1 1
114 84 -1 1
113 84 -1 1
112 84 -1 1
111 84 -1 1
110 84 -1 1
109 84 -1 1
108 84 -1 1
107 84 -1 1
106 84 -1 1
105 84 -1 1
104 84 -1 1
103 84 -1 1
102 84 -1 1
158 83 -1 1
157 83 -1 1
156 83 -1 1
155 83 -1 1
154 83 -1 1
127 83 -1 1
126 83 -1 1
125 83 -1 1
124 83 -1 1
123 83 -1 1
122 83 -1 1
121 83 -1 1
120 83 -1 1
119 83 -1 1
118 83 -1 1
117 83 -1 1
116 83 -1 1
115 83 -1 1
114 83 -1 1
113 83 -1 1
112 83 -1 1
111 83 -1 1
110 83 -1 1
109 83 -1 1
108 83 -1 1
107 83 -1 1
106 83 -1 1
105 83 -1 1
104 83 -1 1
103 83 -1 1
102 83 -1 1
156 82 -1 1
125 82 -1 1
124 82 -1 1
123 82 -1 1
122 82 -1 1
121 82 -1 1
120 82 -1 1
119 82 -1 1
118 82 -1 1
117 82 -1 1
116 82 -1 1
115 82 -1 1
114 82 -1 1
113 82 -1 1
112 82 -1 1
111 82 -1 1
110 82 -1 1
109 82 -1 1
108 82 -1 1
107 82 -1 1
106 82 -1 1
105 82 -1 1
104 82 -1 1
124 81 -1 1
123 81 -1 1
122 81 -1 1
121 81 -1 1
120 81 -1 1
119 81 -1 1
118 81 -1 1
117 81 -1 1
116 81 -1 1
115 81 -1 1
114 81 -1 1
113 81 -1 1
112 81 -1 1
111 81 -1 1
110 81 -1 1
109 81 -1 1
108 81 -1 1
107 81 -1 1
122 80 -1 1
121 80 -1 1
120 80 -1 1
119 80 -1 1
118 80 -1 1
117 80 -1 1
116 80 -1 1
115 80 -1 1
114 80 -1 1
113 80 -1 1
112 80 -1 1
111 80 -1 1
