515 256 256
123 181 -1 1
125 180 -1 1
124 180 -1 1
123 180 -1 1
122 180 -1 1
121 180 -1 1
125 179 -1 1
124 179 -1 1
123 179 -1 1
122 179 -1 1
121 179 -1 1
120 179 -1 1
126 178 -1 1
125 178 -1 1
124 178 -1 1
123 178 -1 1
122 178 -1 1
121 178 -1 1
120 178 -1 1
119 178 -1 1
126 177 -1 1
125 177 -1 1
124 177 -1 1
123 177 -1 1
122 177 -1 1
121 177 -1 1
120 177 -1 1
119 177 -1 1
118 177 -1 1
125 176 -1 1
124 176 -1 1
123 176 -1 1
122 176 -1 1
121 176 -1 1
120 176 -1 1
119 176 -1 1
118 176 -1 1
117 176 -1 1
116 176 -1 1
125 175 -1 1
124 175 -1 1
123 175 -1 1
122 175 -1 1
121 175 -1 1
120 175 -1 1
119 175 -1 1
118 175 -1 1
117 175 -1 1
116 175 -1 1
115 175 -1 1
124 174 -1 1
123 174 -1 1
122 174 -1 1
121 174 -1 1
120 174 -1 1
119 174 -1 1
118 174 -1 1
117 174 -1 1
116 174 -1 1
115 174 -1 1
114 174 -1 1
113 174 -1 1
123 173 -1 1
122 173 -1 1
121 173 -1 1
120 173 -1 1
119 173 -1 1
118 173 -1 1
117 173 -1 1
116 173 -1 1
115 173 -1 1
114 173 -1 1
113 173 -1 1
122 172 -1 1
121 172 -1 1
120 172 -1 1
119 172 -1 1
118 172 -1 1
117 172 -1 1
116 172 -1 1
115 172 -1 1
114 172 -1 1
113 172 -1 1
112 172 -1 1
120 171 -1 1
119 171 -1 1
118 171 -1 1
117 171 -1 1
116 171 -1 1
115 171 -1 1
114 171 -1 1
113 171 -1 1
112 171 -1 1
119 170 -1 1
118 170 -1 1
117 170 -1 1
116 170 -1 1
115 170 -1 1
114 170 -1 1
113 170 -1 1
112 170 -1 1
119 169 -1 1
118 169 -1 1
117 169 -1 1
116 169 -1 1
115 169 -1 1
114 169 -1 1
113 169 -1 1
112 169 -1 1
120 168 -1 1
119 168 -1 1
118 168 -1 1
117 168 -1 1
116 168 -1 1
115 168 -1 1
114 168 -1 1
113 168 -1 1
112 168 -1 1
121 167 -1 1
120 167 -1 1
119 167 -1 1
118 167 -1 1
117 167 -1 1
116 167 -1 1
115 167 -1 1
114 167 -1 1
113 167 -1 1
121 166 -1 1
120 166 -1 1
119 166 -1 1
118 166 -1 1
117 166 -1 1
116 166 -1 1
115 166 -1 1
114 166 -1 1
113 166 -1 1
122 165 -1 1
121 165 -1 1
120 165 -1 1
119 165 -1 1
118 165 -1 1
117 165 -1 1
116 165 -1 1
115 165 -1 1
114 165 -1 1
123 164 -1 1
122 164 -1 1
121 164 -1 1
120 164 -1 1
119 164 -1 1
118 164 -1 1
117 164 -1 1
116 164 -1 1
115 164 -1 1
124 163 -1 1
123 163 -1 1
122 163 -1 1
121 163 -1 1
120 163 -1 1
119 163 -1 1
118 163 -1 1
117 163 -1 1
116 163 -1 1
125 162 -1 1
124 162 -1 1
123 162 -1 1
122 162 -1 1
121 162 -1 1
120 162 -1 1
119 162 -1 1
118 162 -1 1
117 162 -1 1
126 161 -1 1
125 161 -1 1
124 161 -1 1
123 161 -1 1
122 161 -1 1
121 161 -1 1
120 161 -1 1
119 161 -1 1
118 161 -1 1
126 160 -1 1
125 160 -1 1
124 160 -1 1
123 160 -1 1
122 160 -1 1
121 160 -1 1
120 160 -1 1
119 160 -1 1
127 159 -1 1
126 159 -1 1
125 159 -1 1
124 159 -1 1
123 159 -1 1
122 159 -1 1
121 159 -1 1
120 159 -1 1
119 159 -1 1
127 158 -1 1
126 158 -1 1
125 158 -1 1
124 158 -1 1
123 158 -1 1
122 158 -1 1
121 158 -1 1
120 158 -1 1
127 157 -1 1
126 157 -1 1
125 157 -1 1
124 157 -1 1
123 157 -1 1
122 157 -1 1
121 157 -1 1
127 156 -1 1
126 156 -1 1
125 156 -1 1
124 156 -1 1
123 156 -1 1
122 156 -1 1
121 156 -1 1
127 155 -1 1
126 155 -1 1
125 155 -1 1
124 155 -1 1
123 155 -1 1
122 155 -1 1
121 155 -1 1
127 154 -1 1
126 154 -1 1
125 154 -1 1
124 154 -1 1
123 154 -1 1
122 154 -1 1
121 154 -1 1
127 153 -1 1
126 153 -1 1
125 153 -1 1
124 153 -1 1
123 153 -1 1
122 153 -1 1
121 153 -1 1
127 152 -1 1
126 152 -1 1
125 152 -1 1
124 152 -1 1
123 152 -1 1
122 152 -1 1
121 152 -1 1
127 151 -1 1
126 151 -1 1
125 151 -1 1
124 151 -1 1
123 151 -1 1
122 151 -1 1
121 151 -1 1
120 151 -1 1
119 151 -1 1
118 151 -1 1
117 151 -1 1
116 151 -1 1
115 151 -1 1
126 150 -1 1
125 150 -1 1
124 150 -1 1
123 150 -1 1
122 150 -1 1
121 150 -1 1
120 150 -1 1
119 150 -1 1
118 150 -1 1
117 150 -1 1
116 150 -1 1
115 150 -1 1
114 150 -1 1
113 150 -1 1
126 149 -1 1
125 149 -1 1
124 149 -1 1
123 149 -1 1
122 149 -1 1
121 149 -1 1
120 149 -1 1
119 149 -1 1
118 149 -1 1
117 149 -1 1
116 149 -1 1
115 149 -1 1
114 149 -1 1
113 149 -1 1
112 149 -1 1
111 149 -1 1
126 148 -1 1
125 148 -1 1
124 148 -1 1
123 148 -1 1
122 148 -1 1
121 148 -1 1
120 148 -1 1
119 148 -1 1
118 148 -1 1
117 148 -1 1
116 148 -1 1
115 148 -1 1
114 148 -1 1
113 148 -1 1
112 148 -1 1
111 148 -1 1
110 148 -1 1
126 147 -1 1
125 147 -1 1
124 147 -1 1
123 147 -1 1
122 147 -1 1
121 147 -1 1
120 147 -1 1
119 147 -1 1
118 147 -1 1
117 147 -1 1
116 147 -1 1
115 147 -1 1
114 147 -1 1
113 147 -1 1
112 147 -1 1
111 147 -1 1
110 147 -1 1
125 146 -1 1
124 146 -1 1
123 146 -1 1
122 146 -1 1
121 146 -1 1
120 146 -1 1
119 146 -1 1
118 146 -1 1
117 146 -1 1
116 146 -1 1
115 146 -1 1
114 146 -1 1
113 146 -1 1
112 146 -1 1
111 146 -1 1
110 146 -1 1
109 146 -1 1
125 145 -1 1
124 145 -1 1
123 145 -1 1
122 145 -1 1
121 145 -1 1
120 145 -1 1
119 145 -1 1
118 145 -1 1
117 145 -1 1
116 145 -1 1
115 145 -1 1
114 145 -1 1
113 145 -1 1
112 145 -1 1
111 145 -1 1
110 145 -1 1
109 145 -1 1
123 144 -1 1
122 144 -1 1
115 144 -1 1
114 144 -1 1
113 144 -1 1
112 144 -1 1
111 144 -1 1
110 144 -1 1
109 144 -1 1
115 143 -1 1
114 143 -1 1
113 143 -1 1
112 143 -1 1
111 143 -1 1
110 143 -1 1
109 143 -1 1
115 142 -1 1
114 142 -1 1
113 142 -1 1
112 142 -1 1
111 142 -1 1
110 142 -1 1
109 142 -1 1
115 141 -1 1
114 141 -1 1
113 141 -1 1
112 141 -1 1
111 141 -1 1
110 141 -1 1
109 141 -1 1
108 141 -1 1
114 140 -1 1
113 140 -1 1
112 140 -1 1
111 140 -1 1
110 140 -1 1
109 140 -1 1
108 140 -1 1
114 139 -1 1
113 139 -1 1
112 139 -1 1
111 139 -1 1
110 139 -1 1
109 139 -1 1
108 139 -1 1
114 138 -1 1
113 138 -1 1
112 138 -1 1
111 138 -1 1
110 138 -1 1
109 138 -1 1
108 138 -1 1
107 138 -1 1
113 137 -1 1
112 137 -1 1
111 137 -1 1
110 137 -1 1
109 137 -1 1
108 137 -1 1
107 137 -1 1
113 136 -1 1
112 136 -1 1
111 136 -1 1
110 136 -1 1
109 136 -1 1
108 136 -1 1
107 136 -1 1
113 135 -1 1
112 135 -1 1
111 135 -1 1
110 135 -1 1
109 135 -1 1
108 135 -1 1
107 135 -1 1
106 135 -1 1
112 134 -1 1
111 134 -1 1
110 134 -1 1
109 134 -1 1
108 134 -1 1
107 134 -1 1
106 134 -1 1
112 133 -1 1
111 133 -1 1
110 133 -1 1
109 133 -1 1
108 133 -1 1
107 133 -1 1
106 133 -1 1
105 133 -1 1
103 133 -1 1
111 132 -1 1
110 132 -1 1
109 132 -1 1
108 132 -1 1
107 132 -1 1
106 132 -1 1
105 132 -1 1
104 132 -1 1
103 132 -1 1
102 132 -1 1
101 132 -1 1
111 131 -1 1
110 131 -1 1
109 131 -1 1
108 131 -1 1
107 131 -1 1
106 131 -1 1
105 131 -1 1
104 131 -1 1
103 131 -1 1
102 131 -1 1
101 131 -1 1
110 130 -1 1
109 130 -1 1
108 130 -1 1
107 130 -1 1
106 130 -1 1
105 130 -1 1
104 130 -1 1
103 130 -1 1
102 130 -1 1
101 130 -1 1
100 130 -1 1
110 129 -1 1
109 129 -1 1
108 129 -1 1
107 129 -1 1
106 129 -1 1
105 129 -1 1
104 129 -1 1
103 129 -1 1
102 129 -1 1
101 129 -1 1
100 129 -1 1
109 128 -1 1
108 128 -1 1
107 128 -1 1
106 128 -1 1
105 128 -1 1
104 128 -1 1
103 128 -1 1
102 128 -1 1
101 128 -1 1
108 127 -1 1
107 127 -1 1
106 127 -1 1
105 127 -1 1
104 127 -1 1
103 127 -1 1
102 127 -1 1
101 127 -1 1
106 126 -1 1
105 126 -1 1
104 126 -1 1
103 126 -1 1
