544 256 256
136 161 -1 1
135 161 -1 1
134 161 -1 1
138 160 -1 1
137 160 -1 1
136 160 -1 1
135 160 -1 1
134 160 -1 1
133 160 -1 1
132 160 -1 1
138 159 -1 1
137 159 -1 1
136 159 -1 1
135 159 -1 1
134 159 -1 1
133 159 -1 1
132 159 -1 1
139 158 -1 1
138 158 -1 1
137 158 -1 1
136 158 -1 1
135 158 -1 1
134 158 -1 1
133 158 -1 1
132 158 -1 1
131 158 -1 1
138 157 -1 1
137 157 -1 1
136 157 -1 1
135 157 -1 1
134 157 -1 1
133 157 -1 1
132 157 -1 1
131 157 -1 1
130 157 -1 1
138 156 -1 1
137 156 -1 1
136 156 -1 1
135 156 -1 1
134 156 -1 1
133 156 -1 1
132 156 -1 1
131 156 -1 1
130 156 -1 1
136 155 -1 1
135 155 -1 1
134 155 -1 1
133 155 -1 1
132 155 -1 1
131 155 -1 1
130 155 -1 1
129 155 -1 1
136 154 -1 1
135 154 -1 1
134 154 -1 1
133 154 -1 1
132 154 -1 1
131 154 -1 1
130 154 -1 1
129 154 -1 1
135 153 -1 1
134 153 -1 1
133 153 -1 1
132 153 -1 1
131 153 -1 1
130 153 -1 1
129 153 -1 1
128 153 -1 1
134 152 -1 1
133 152 -1 1
132 152 -1 1
131 152 -1 1
130 152 -1 1
129 152 -1 1
128 152 -1 1
134 151 -1 1
133 151 -1 1
132 151 -1 1
131 151 -1 1
130 151 -1 1
129 151 -1 1
128 151 -1 1
134 150 -1 1
133 150 -1 1
132 150 -1 1
131 150 -1 1
130 150 -1 1
129 150 -1 1
128 150 -1 1
127 150 -1 1
133 149 -1 1
132 149 -1 1
131 149 -1 1
130 149 -1 1
129 149 -1 1
128 149 -1 1
133 148 -1 1
132 148 -1 1
131 148 -1 1
130 148 -1 1
129 148 -1 1
128 148 -1 1
127 148 -1 1
133 147 -1 1
132 147 -1 1
131 147 -1 1
130 147 -1 1
129 147 -1 1
128 147 -1 1
127 147 -1 1
133 146 -1 1
132 146 -1 1
131 146 -1 1
130 146 -1 1
129 146 -1 1
128 146 -1 1
127 146 -1 1
133 145 -1 1
132 145 -1 1
131 145 -1 1
130 145 -1 1
129 145 -1 1
128 145 -1 1
127 145 -1 1
126 145 -1 1
132 144 -1 1
131 144 -1 1
130 144 -1 1
129 144 -1 1
128 144 -1 1
127 144 -1 1
126 144 -1 1
132 143 -1 1
131 143 -1 1
130 143 -1 1
129 143 -1 1
128 143 -1 1
127 143 -1 1
126 143 -1 1
132 142 -1 1
131 142 -1 1
130 142 -1 1
129 142 -1 1
128 142 -1 1
127 142 -1 1
126 142 -1 1
132 141 -1 1
131 141 -1 1
130 141 -1 1
129 141 -1 1
128 141 -1 1
127 141 -1 1
126 141 -1 1
132 140 -1 1
131 140 -1 1
130 140 -1 1
129 140 -1 1
128 140 -1 1
127 140 -1 1
126 140 -1 1
132 139 -1 1
131 139 -1 1
130 139 -1 1
129 139 -1 1
128 139 -1 1
127 139 -1 1
126 139 -1 1
132 138 -1 1
131 138 -1 1
130 138 -1 1
129 138 -1 1
128 138 -1 1
127 138 -1 1
126 138 -1 1
125 138 -1 1
131 137 -1 1
130 137 -1 1
129 137 -1 1
128 137 -1 1
127 137 -1 1
126 137 -1 1
125 137 -1 1
131 136 -1 1
130 136 -1 1
129 136 -1 1
128 136 -1 1
127 136 -1 1
126 136 -1 1
131 135 -1 1
130 135 -1 1
129 135 -1 1
128 135 -1 1
127 135 -1 1
126 135 -1 1
125 135 -1 1
131 134 -1 1
130 134 -1 1
129 134 -1 1
128 134 -1 1
127 134 -1 1
126 134 -1 1
125 134 -1 1
131 133 -1 1
130 133 -1 1
129 133 -1 1
128 133 -1 1
127 133 -1 1
126 133 -1 1
125 133 -1 1
124 133 -1 1
130 132 -1 1
129 132 -1 1
128 132 -1 1
127 132 -1 1
126 132 -1 1
125 132 -1 1
124 132 -1 1
130 131 -1 1
129 131 -1 1
128 131 -1 1
127 131 -1 1
126 131 -1 1
125 131 -1 1
124 131 -1 1
130 130 -1 1
129 130 -1 1
128 130 -1 1
127 130 -1 1
126 130 -1 1
125 130 -1 1
124 130 -1 1
130 129 -1 1
129 129 -1 1
128 129 -1 1
127 129 -1 1
126 129 -1 1
125 129 -1 1
124 129 -1 1
130 128 -1 1
129 128 -1 1
128 128 -1 1
127 128 -1 1
126 128 -1 1
125 128 -1 1
124 128 -1 1
130 127 -1 1
129 127 -1 1
128 127 -1 1
127 127 -1 1
126 127 -1 1
125 127 -1 1
124 127 -1 1
130 126 -1 1
129 126 -1 1
128 126 -1 1
127 126 -1 1
126 126 -1 1
125 126 -1 1
124 126 -1 1
130 125 -1 1
129 125 -1 1
128 125 -1 1
127 125 -1 1
126 125 -1 1
125 125 -1 1
124 125 -1 1
147 124 -1 1
146 124 -1 1
130 124 -1 1
129 124 -1 1
128 124 -1 1
127 124 -1 1
126 124 -1 1
125 124 -1 1
124 124 -1 1
123 124 -1 1
149 123 -1 1
148 123 -1 1
147 123 -1 1
146 123 -1 1
145 123 -1 1
144 123 -1 1
130 123 -1 1
129 123 -1 1
128 123 -1 1
127 123 -1 1
126 123 -1 1
125 123 -1 1
124 123 -1 1
123 123 -1 1
122 123 -1 1
149 122 -1 1
148 122 -1 1
147 122 -1 1
146 122 -1 1
145 122 -1 1
144 122 -1 1
143 122 -1 1
129 122 -1 1
128 122 -1 1
127 122 -1 1
126 122 -1 1
125 122 -1 1
124 122 -1 1
123 122 -1 1
122 122 -1 1
150 121 -1 1
149 121 -1 1
148 121 -1 1
147 121 -1 1
146 121 -1 1
145 121 -1 1
144 121 -1 1
143 121 -1 1
129 121 -1 1
128 121 -1 1
127 121 -1 1
126 121 -1 1
125 121 -1 1
124 121 -1 1
123 121 -1 1
122 121 -1 1
121 121 -1 1
149 120 -1 1
148 120 -1 1
147 120 -1 1
146 120 -1 1
145 120 -1 1
144 120 -1 1
143 120 -1 1
142 120 -1 1
128 120 -1 1
127 120 -1 1
126 120 -1 1
125 120 -1 1
124 120 -1 1
123 120 -1 1
122 120 -1 1
121 120 -1 1
149 119 -1 1
148 119 -1 1
147 119 -1 1
146 119 -1 1
145 119 -1 1
144 119 -1 1
143 119 -1 1
142 119 -1 1
141 119 -1 1
127 119 -1 1
126 119 -1 1
125 119 -1 1
124 119 -1 1
123 119 -1 1
122 119 -1 1
121 119 -1 1
148 118 -1 1
147 118 -1 1
146 118 -1 1
145 118 -1 1
144 118 -1 1
143 118 -1 1
142 118 -1 1
141 118 -1 1
140 118 -1 1
139 118 -1 1
138 118 -1 1
127 118 -1 1
126 118 -1 1
125 118 -1 1
124 118 -1 1
123 118 -1 1
122 118 -1 1
121 118 -1 1
147 117 -1 1
146 117 -1 1
145 117 -1 1
144 117 -1 1
143 117 -1 1
142 117 -1 1
141 117 -1 1
140 117 -1 1
139 117 -1 1
138 117 -1 1
137 117 -1 1
136 117 -1 1
128 117 -1 1
127 117 -1 1
126 117 -1 1
125 117 -1 1
124 117 -1 1
123 117 -1 1
122 117 -1 1
121 117 -1 1
147 116 -1 1
146 116 -1 1
145 116 -1 1
144 116 -1 1
143 116 -1 1
142 116 -1 1
141 116 -1 1
140 116 -1 1
139 116 -1 1
138 116 -1 1
137 116 -1 1
136 116 -1 1
135 116 -1 1
129 116 -1 1
128 116 -1 1
127 116 -1 1
126 116 -1 1
125 116 -1 1
124 116 -1 1
123 116 -1 1
122 116 -1 1
121 116 -1 1
146 115 -1 1
145 115 -1 1
144 115 -1 1
143 115 -1 1
142 115 -1 1
141 115 -1 1
140 115 -1 1
139 115 -1 1
138 115 -1 1
137 115 -1 1
136 115 -1 1
135 115 -1 1
134 115 -1 1
133 115 -1 1
130 115 -1 1
129 115 -1 1
128 115 -1 1
127 115 -1 1
126 115 -1 1
125 115 -1 1
124 115 -1 1
123 115 -1 1
122 115 -1 1
145 114 -1 1
144 114 -1 1
143 114 -1 1
142 114 -1 1
141 114 -1 1
140 114 -1 1
139 114 -1 1
138 114 -1 1
137 114 -1 1
136 114 -1 1
135 114 -1 1
134 114 -1 1
133 114 -1 1
132 114 -1 1
131 114 -1 1
130 114 -1 1
129 114 -1 1
128 114 -1 1
127 114 -1 1
126 114 -1 1
125 114 -1 1
124 114 -1 1
123 114 -1 1
122 114 -1 1
143 113 -1 1
142 113 -1 1
141 113 -1 1
140 113 -1 1
139 113 -1 1
138 113 -1 1
137 113 -1 1
136 113 -1 1
135 113 -1 1
134 113 -1 1
133 113 -1 1
132 113 -1 1
131 113 -1 1
130 113 -1 1
129 113 -1 1
128 113 -1 1
127 113 -1 1
126 113 -1 1
125 113 -1 1
124 113 -1 1
123 113 -1 1
141 112 -1 1
140 112 -1 1
139 112 -1 1
138 112 -1 1
137 112 -1 1
136 112 -1 1
135 112 -1 1
134 112 -1 1
133 112 -1 1
132 112 -1 1
131 112 -1 1
130 112 -1 1
129 112 -1 1
128 112 -1 1
127 112 -1 1
126 112 -1 1
125 112 -1 1
124 112 -1 1
139 111 -1 1
138 111 -1 1
137 111 -1 1
136 111 -1 1
135 111 -1 1
134 111 -1 1
133 111 -1 1
132 111 -1 1
131 111 -1 1
130 111 -1 1
129 111 -1 1
128 111 -1 1
127 111 -1 1
126 111 -1 1
125 111 -1 1
137 110 -1 1
136 110 -1 1
135 110 -1 1
134 110 -1 1
133 110 -1 1
132 110 -1 1
131 110 -1 1
130 110 -1 1
129 110 -1 1
128 110 -1 1
127 110 -1 1
126 110 -1 1
136 109 -1 1
135 109 -1 1
134 109 -1 1
133 109 -1 1
132 109 -1 1
131 109 -1 1
130 109 -1 1
129 109 -1 1
128 109 -1 1
127 109 -1 1
134 108 -1 1
133 108 -1 1
132 108 -1 1
131 108 -1 1
130 108 -1 1
129 108 -1 1
