942 256 256
49 172 -1 1
48 172 -1 1
47 172 -1 1
51 171 -1 1
50 171 -1 1
49 171 -1 1
48 171 -1 1
47 171 -1 1
46 171 -1 1
45 171 -1 1
53 170 -1 1
52 170 -1 1
51 170 -1 1
50 170 -1 1
49 170 -1 1
48 170 -1 1
47 170 -1 1
46 170 -1 1
45 170 -1 1
55 169 -1 1
54 169 -1 1
53 169 -1 1
52 169 -1 1
51 169 -1 1
50 169 -1 1
49 169 -1 1
48 169 -1 1
47 169 -1 1
46 169 -1 1
45 169 -1 1
44 169 -1 1
57 168 -1 1
56 168 -1 1
55 168 -1 1
54 168 -1 1
53 168 -1 1
52 168 -1 1
51 168 -1 1
50 168 -1 1
49 168 -1 1
48 168 -1 1
47 168 -1 1
46 168 -1 1
45 168 -1 1
59 167 -1 1
58 167 -1 1
57 167 -1 1
56 167 -1 1
55 167 -1 1
54 167 -1 1
53 167 -1 1
52 167 -1 1
51 167 -1 1
50 167 -1 1
49 167 -1 1
48 167 -1 1
47 167 -1 1
46 167 -1 1
45 167 -1 1
59 166 -1 1
58 166 -1 1
57 166 -1 1
56 166 -1 1
55 166 -1 1
54 166 -1 1
53 166 -1 1
52 166 -1 1
51 166 -1 1
50 166 -1 1
49 166 -1 1
48 166 -1 1
47 166 -1 1
63 165 -1 1
62 165 -1 1
61 165 -1 1
60 165 -1 1
59 165 -1 1
58 165 -1 1
57 165 -1 1
56 165 -1 1
55 165 -1 1
54 165 -1 1
53 165 -1 1
52 165 -1 1
51 165 -1 1
50 165 -1 1
49 165 -1 1
105 164 -1 1
104 164 -1 1
103 164 -1 1
102 164 -1 1
101 164 -1 1
100 164 -1 1
99 164 -1 1
98 164 -1 1
97 164 -1 1
95 164 -1 1
69 164 -1 1
68 164 -1 1
67 164 -1 1
66 164 -1 1
65 164 -1 1
64 164 -1 1
63 164 -1 1
62 164 -1 1
61 164 -1 1
60 164 -1 1
59 164 -1 1
58 164 -1 1
57 164 -1 1
56 164 -1 1
55 164 -1 1
54 164 -1 1
53 164 -1 1
52 164 -1 1
51 164 -1 1
107 163 -1 1
106 163 -1 1
105 163 -1 1
104 163 -1 1
103 163 -1 1
102 163 -1 1
101 163 -1 1
100 163 -1 1
99 163 -1 1
98 163 -1 1
97 163 -1 1
96 163 -1 1
95 163 -1 1
94 163 -1 1
93 163 -1 1
92 163 -1 1
91 163 -1 1
90 163 -1 1
89 163 -1 1
88 163 -1 1
87 163 -1 1
86 163 -1 1
85 163 -1 1
84 163 -1 1
83 163 -1 1
82 163 -1 1
81 163 -1 1
80 163 -1 1
79 163 -1 1
78 163 -1 1
77 163 -1 1
76 163 -1 1
75 163 -1 1
74 163 -1 1
73 163 -1 1
72 163 -1 1
71 163 -1 1
70 163 -1 1
69 163 -1 1
68 163 -1 1
67 163 -1 1
66 163 -1 1
65 163 -1 1
64 163 -1 1
63 163 -1 1
62 163 -1 1
61 163 -1 1
60 163 -1 1
59 163 -1 1
58 163 -1 1
57 163 -1 1
56 163 -1 1
55 163 -1 1
54 163 -1 1
53 163 -1 1
109 162 -1 1
108 162 -1 1
107 162 -1 1
106 162 -1 1
105 162 -1 1
104 162 -1 1
103 162 -1 1
102 162 -1 1
101 162 -1 1
100 162 -1 1
99 162 -1 1
98 162 -1 1
97 162 -1 1
96 162 -1 1
95 162 -1 1
94 162 -1 1
93 162 -1 1
92 162 -1 1
91 162 -1 1
90 162 -1 1
89 162 -1 1
88 162 -1 1
87 162 -1 1
86 162 -1 1
85 162 -1 1
84 162 -1 1
83 162 -1 1
82 162 -1 1
81 162 -1 1
80 162 -1 1
79 162 -1 1
78 162 -1 1
77 162 -1 1
76 162 -1 1
75 162 -1 1
74 162 -1 1
73 162 -1 1
72 162 -1 1
71 162 -1 1
70 162 -1 1
69 162 -1 1
68 162 -1 1
67 162 -1 1
66 162 -1 1
65 162 -1 1
64 162 -1 1
63 162 -1 1
62 162 -1 1
61 162 -1 1
60 162 -1 1
59 162 -1 1
58 162 -1 1
57 162 -1 1
56 162 -1 1
55 162 -1 1
111 161 -1 1
110 161 -1 1
109 161 -1 1
108 161 -1 1
107 161 -1 1
106 161 -1 1
105 161 -1 1
104 161 -1 1
103 161 -1 1
102 161 -1 1
101 161 -1 1
100 161 -1 1
99 161 -1 1
98 161 -1 1
97 161 -1 1
96 161 -1 1
95 161 -1 1
94 161 -1 1
93 161 -1 1
92 161 -1 1
91 161 -1 1
90 161 -1 1
89 161 -1 1
88 161 -1 1
87 161 -1 1
86 161 -1 1
85 161 -1 1
84 161 -1 1
83 161 -1 1
82 161 -1 1
81 161 -1 1
80 161 -1 1
79 161 -1 1
78 161 -1 1
77 161 -1 1
76 161 -1 1
75 161 -1 1
74 161 -1 1
73 161 -1 1
72 161 -1 1
71 161 -1 1
70 161 -1 1
69 161 -1 1
68 161 -1 1
67 161 -1 1
66 161 -1 1
65 161 -1 1
64 161 -1 1
63 161 -1 1
62 161 -1 1
61 161 -1 1
60 161 -1 1
59 161 -1 1
58 161 -1 1
57 161 -1 1
56 161 -1 1
55 161 -1 1
112 160 -1 1
111 160 -1 1
110 160 -1 1
109 160 -1 1
108 160 -1 1
107 160 -1 1
106 160 -1 1
105 160 -1 1
104 160 -1 1
103 160 -1 1
102 160 -1 1
101 160 -1 1
100 160 -1 1
99 160 -1 1
98 160 -1 1
97 160 -1 1
96 160 -1 1
95 160 -1 1
94 160 -1 1
93 160 -1 1
92 160 -1 1
91 160 -1 1
90 160 -1 1
89 160 -1 1
88 160 -1 1
87 160 -1 1
86 160 -1 1
85 160 -1 1
84 160 -1 1
83 160 -1 1
82 160 -1 1
81 160 -1 1
80 160 -1 1
79 160 -1 1
78 160 -1 1
77 160 -1 1
76 160 -1 1
75 160 -1 1
74 160 -1 1
73 160 -1 1
72 160 -1 1
71 160 -1 1
70 160 -1 1
69 160 -1 1
68 160 -1 1
67 160 -1 1
66 160 -1 1
65 160 -1 1
64 160 -1 1
63 160 -1 1
62 160 -1 1
61 160 -1 1
60 160 -1 1
59 160 -1 1
58 160 -1 1
57 160 -1 1
113 159 -1 1
112 159 -1 1
111 159 -1 1
110 159 -1 1
109 159 -1 1
108 159 -1 1
107 159 -1 1
106 159 -1 1
105 159 -1 1
104 159 -1 1
103 159 -1 1
102 159 -1 1
101 159 -1 1
100 159 -1 1
99 159 -1 1
98 159 -1 1
97 159 -1 1
96 159 -1 1
95 159 -1 1
94 159 -1 1
93 159 -1 1
92 159 -1 1
91 159 -1 1
90 159 -1 1
89 159 -1 1
88 159 -1 1
87 159 -1 1
86 159 -1 1
85 159 -1 1
84 159 -1 1
83 159 -1 1
82 159 -1 1
81 159 -1 1
80 159 -1 1
79 159 -1 1
78 159 -1 1
77 159 -1 1
76 159 -1 1
75 159 -1 1
74 159 -1 1
73 159 -1 1
72 159 -1 1
71 159 -1 1
70 159 -1 1
69 159 -1 1
68 159 -1 1
67 159 -1 1
66 159 -1 1
65 159 -1 1
64 159 -1 1
63 159 -1 1
62 159 -1 1
61 159 -1 1
60 159 -1 1
114 158 -1 1
113 158 -1 1
112 158 -1 1
111 158 -1 1
110 158 -1 1
109 158 -1 1
108 158 -1 1
107 158 -1 1
106 158 -1 1
105 158 -1 1
104 158 -1 1
103 158 -1 1
102 158 -1 1
101 158 -1 1
100 158 -1 1
99 158 -1 1
98 158 -1 1
97 158 -1 1
96 158 -1 1
95 158 -1 1
94 158 -1 1
93 158 -1 1
92 158 -1 1
91 158 -1 1
90 158 -1 1
89 158 -1 1
88 158 -1 1
87 158 -1 1
86 158 -1 1
85 158 -1 1
84 158 -1 1
83 158 -1 1
82 158 -1 1
81 158 -1 1
80 158 -1 1
79 158 -1 1
78 158 -1 1
77 158 -1 1
76 158 -1 1
75 158 -1 1
74 158 -1 1
73 158 -1 1
72 158 -1 1
71 158 -1 1
70 158 -1 1
69 158 -1 1
68 158 -1 1
67 158 -1 1
66 158 -1 1
65 158 -1 1
63 158 -1 1
115 157 -1 1
114 157 -1 1
113 157 -1 1
112 157 -1 1
111 157 -1 1
110 157 -1 1
109 157 -1 1
108 157 -1 1
107 157 -1 1
106 157 -1 1
105 157 -1 1
95 157 -1 1
94 157 -1 1
93 157 -1 1
92 157 -1 1
91 157 -1 1
90 157 -1 1
89 157 -1 1
88 157 -1 1
87 157 -1 1
86 157 -1 1
85 157 -1 1
84 157 -1 1
83 157 -1 1
82 157 -1 1
81 157 -1 1
80 157 -1 1
79 157 -1 1
78 157 -1 1
77 157 -1 1
76 157 -1 1
75 157 -1 1
74 157 -1 1
73 157 -1 1
72 157 -1 1
71 157 -1 1
70 157 -1 1
69 157 -1 1
116 156 -1 1
115 156 -1 1
114 156 -1 1
113 156 -1 1
112 156 -1 1
111 156 -1 1
110 156 -1 1
109 156 -1 1
108 156 -1 1
107 156 -1 1
117 155 -1 1
116 155 -1 1
115 155 -1 1
114 155 -1 1
113 155 -1 1
112 155 -1 1
111 155 -1 1
110 155 -1 1
109 155 -1 1
108 155 -1 1
117 154 -1 1
116 154 -1 1
115 154 -1 1
114 154 -1 1
113 154 -1 1
112 154 -1 1
111 154 -1 1
110 154 -1 1
109 154 -1 1
118 153 -1 1
117 153 -1 1
116 153 -1 1
115 153 -1 1
114 153 -1 1
113 153 -1 1
112 153 -1 1
111 153 -1 1
119 152 -1 1
118 152 -1 1
117 152 -1 1
116 152 -1 1
115 152 -1 1
114 152 -1 1
113 152 -1 1
112 152 -1 1
111 152 -1 1
119 151 -1 1
118 151 -1 1
117 151 -1 1
116 151 -1 1
115 151 -1 1
114 151 -1 1
113 151 -1 1
112 151 -1 1
120 150 -1 1
119 150 -1 1
118 150 -1 1
117 150 -1 1
116 150 -1 1
115 150 -1 1
114 150 -1 1
113 150 -1 1
120 149 -1 1
119 149 -1 1
118 149 -1 1
117 149 -1 1
116 149 -1 1
115 149 -1 1
114 149 -1 1
113 149 -1 1
121 148 -1 1
120 148 -1 1
119 148 -1 1
118 148 -1 1
117 148 -1 1
116 148 -1 1
115 148 -1 1
114 148 -1 1
121 147 -1 1
120 147 -1 1
119 147 -1 1
118 147 -1 1
117 147 -1 1
116 147 -1 1
115 147 -1 1
122 146 -1 1
121 146 -1 1
120 146 -1 1
119 146 -1 1
118 146 -1 1
117 146 -1 1
116 146 -1 1
115 146 -1 1
122 145 -1 1
121 145 -1 1
120 145 -1 1
119 145 -1 1
118 145 -1 1
117 145 -1 1
116 145 -1 1
123 144 -1 1
122 144 -1 1
121 144 -1 1
120 144 -1 1
119 144 -1 1
118 144 -1 1
117 144 -1 1
116 144 -1 1
123 143 -1 1
122 143 -1 1
121 143 -1 1
120 143 -1 1
119 143 -1 1
118 143 -1 1
117 143 -1 1
124 142 -1 1
123 142 -1 1
122 142 -1 1
121 142 -1 1
120 142 -1 1
119 142 -1 1
118 142 -1 1
117 142 -1 1
124 141 -1 1
123 141 -1 1
122 141 -1 1
121 141 -1 1
120 141 -1 1
119 141 -1 1
118 141 -1 1
125 140 -1 1
124 140 -1 1
123 140 -1 1
122 140 -1 1
121 140 -1 1
120 140 -1 1
119 140 -1 1
118 140 -1 1
126 139 -1 1
125 139 -1 1
124 139 -1 1
123 139 -1 1
122 139 -1 1
121 139 -1 1
120 139 -1 1
119 139 -1 1
126 138 -1 1
125 138 -1 1
124 138 -1 1
123 138 -1 1
122 138 -1 1
121 138 -1 1
120 138 -1 1
119 138 -1 1
127 137 -1 1
126 137 -1 1
125 137 -1 1
124 137 -1 1
123 137 -1 1
122 137 -1 1
121 137 -1 1
120 137 -1 1
126 136 -1 1
125 136 -1 1
124 136 -1 1
123 136 -1 1
122 136 -1 1
121 136 -1 1
120 136 -1 1
127 135 -1 1
126 135 -1 1
125 135 -1 1
124 135 -1 1
123 135 -1 1
122 135 -1 1
121 135 -1 1
127 134 -1 1
126 134 -1 1
125 134 -1 1
124 134 -1 1
123 134 -1 1
122 134 -1 1
121 134 -1 1
128 133 -1 1
127 133 -1 1
126 133 -1 1
125 133 -1 1
124 133 -1 1
123 133 -1 1
122 133 -1 1
121 133 -1 1
129 132 -1 1
128 132 -1 1
127 132 -1 1
126 132 -1 1
125 132 -1 1
124 132 -1 1
123 132 -1 1
122 132 -1 1
129 131 -1 1
128 131 -1 1
127 131 -1 1
126 131 -1 1
125 131 -1 1
124 131 -1 1
123 131 -1 1
122 131 -1 1
130 130 -1 1
129 130 -1 1
128 130 -1 1
127 130 -1 1
126 130 -1 1
125 130 -1 1
124 130 -1 1
123 130 -1 1
130 129 -1 1
129 129 -1 1
128 129 -1 1
127 129 -1 1
126 129 -1 1
125 129 -1 1
124 129 -1 1
123 129 -1 1
131 128 -1 1
130 128 -1 1
129 128 -1 1
128 128 -1 1
127 128 -1 1
126 128 -1 1
125 128 -1 1
124 128 -1 1
131 127 -1 1
130 127 -1 1
129 127 -1 1
128 127 -1 1
127 127 -1 1
126 127 -1 1
125 127 -1 1
124 127 -1 1
132 126 -1 1
131 126 -1 1
130 126 -1 1
129 126 -1 1
128 126 -1 1
127 126 -1 1
126 126 -1 1
125 126 -1 1
133 125 -1 1
132 125 -1 1
131 125 -1 1
130 125 -1 1
129 125 -1 1
128 125 -1 1
127 125 -1 1
126 125 -1 1
125 125 -1 1
133 124 -1 1
132 124 -1 1
131 124 -1 1
130 124 -1 1
129 124 -1 1
128 124 -1 1
127 124 -1 1
126 124 -1 1
134 123 -1 1
133 123 -1 1
132 123 -1 1
131 123 -1 1
130 123 -1 1
129 123 -1 1
128 123 -1 1
127 123 -1 1
135 122 -1 1
134 122 -1 1
133 122 -1 1
132 122 -1 1
131 122 -1 1
130 122 -1 1
129 122 -1 1
128 122 -1 1
127 122 -1 1
135 121 -1 1
134 121 -1 1
133 121 -1 1
132 121 -1 1
131 121 -1 1
130 121 -1 1
129 121 -1 1
128 121 -1 1
136 120 -1 1
135 120 -1 1
134 120 -1 1
133 120 -1 1
132 120 -1 1
131 120 -1 1
130 120 -1 1
129 120 -1 1
137 119 -1 1
136 119 -1 1
135 119 -1 1
134 119 -1 1
133 119 -1 1
132 119 -1 1
131 119 -1 1
130 119 -1 1
129 119 -1 1
138 118 -1 1
137 118 -1 1
136 118 -1 1
135 118 -1 1
134 118 -1 1
133 118 -1 1
132 118 -1 1
131 118 -1 1
130 118 -1 1
139 117 -1 1
138 117 -1 1
137 117 -1 1
136 117 -1 1
135 117 -1 1
134 117 -1 1
133 117 -1 1
132 117 -1 1
131 117 -1 1
130 117 -1 1
139 116 -1 1
138 116 -1 1
137 116 -1 1
136 116 -1 1
135 116 -1 1
134 116 -1 1
133 116 -1 1
132 116 -1 1
131 116 -1 1
140 115 -1 1
139 115 -1 1
138 115 -1 1
137 115 -1 1
136 115 -1 1
135 115 -1 1
134 115 -1 1
133 115 -1 1
132 115 -1 1
131 115 -1 1
141 114 -1 1
140 114 -1 1
139 114 -1 1
138 114 -1 1
137 114 -1 1
136 114 -1 1
135 114 -1 1
134 114 -1 1
133 114 -1 1
142 113 -1 1
141 113 -1 1
140 113 -1 1
139 113 -1 1
138 113 -1 1
137 113 -1 1
136 113 -1 1
135 113 -1 1
134 113 -1 1
143 112 -1 1
142 112 -1 1
141 112 -1 1
140 112 -1 1
139 112 -1 1
138 112 -1 1
137 112 -1 1
136 112 -1 1
135 112 -1 1
144 111 -1 1
143 111 -1 1
142 111 -1 1
141 111 -1 1
140 111 -1 1
139 111 -1 1
138 111 -1 1
137 111 -1 1
136 111 -1 1
144 110 -1 1
143 110 -1 1
142 110 -1 1
141 110 -1 1
140 110 -1 1
139 110 -1 1
138 110 -1 1
137 110 -1 1
136 110 -1 1
145 109 -1 1
144 109 -1 1
143 109 -1 1
142 109 -1 1
141 109 -1 1
140 109 -1 1
139 109 -1 1
138 109 -1 1
137 109 -1 1
146 108 -1 1
145 108 -1 1
144 108 -1 1
143 108 -1 1
142 108 -1 1
141 108 -1 1
140 108 -1 1
139 108 -1 1
138 108 -1 1
148 107 -1 1
147 107 -1 1
146 107 -1 1
145 107 -1 1
144 107 -1 1
143 107 -1 1
142 107 -1 1
141 107 -1 1
140 107 -1 1
139 107 -1 1
149 106 -1 1
148 106 -1 1
147 106 -1 1
146 106 -1 1
145 106 -1 1
144 106 -1 1
143 106 -1 1
142 106 -1 1
141 106 -1 1
140 106 -1 1
149 105 -1 1
148 105 -1 1
147 105 -1 1
146 105 -1 1
145 105 -1 1
144 105 -1 1
143 105 -1 1
142 105 -1 1
141 105 -1 1
150 104 -1 1
149 104 -1 1
148 104 -1 1
147 104 -1 1
146 104 -1 1
145 104 -1 1
144 104 -1 1
143 104 -1 1
142 104 -1 1
149 103 -1 1
148 103 -1 1
147 103 -1 1
146 103 -1 1
145 103 -1 1
144 103 -1 1
143 103 -1 1
149 102 -1 1
148 102 -1 1
147 102 -1 1
146 102 -1 1
145 102 -1 1
144 102 -1 1
147 101 -1 1
146 101 -1 1
