566 256 256
118 185 -1 1
117 185 -1 1
120 184 -1 1
119 184 -1 1
118 184 -1 1
117 184 -1 1
116 184 -1 1
115 184 -1 1
122 183 -1 1
121 183 -1 1
120 183 -1 1
119 183 -1 1
118 183 -1 1
117 183 -1 1
116 183 -1 1
115 183 -1 1
123 182 -1 1
122 182 -1 1
121 182 -1 1
120 182 -1 1
119 182 -1 1
118 182 -1 1
117 182 -1 1
116 182 -1 1
115 182 -1 1
114 182 -1 1
123 181 -1 1
122 181 -1 1
121 181 -1 1
120 181 -1 1
119 181 -1 1
118 181 -1 1
117 181 -1 1
116 181 -1 1
115 181 -1 1
125 180 -1 1
124 180 -1 1
123 180 -1 1
122 180 -1 1
121 180 -1 1
120 180 -1 1
119 180 -1 1
118 180 -1 1
117 180 -1 1
116 180 -1 1
115 180 -1 1
126 179 -1 1
125 179 -1 1
124 179 -1 1
123 179 -1 1
122 179 -1 1
121 179 -1 1
120 179 -1 1
119 179 -1 1
118 179 -1 1
117 179 -1 1
116 179 -1 1
128 178 -1 1
127 178 -1 1
126 178 -1 1
125 178 -1 1
124 178 -1 1
123 178 -1 1
122 178 -1 1
121 178 -1 1
120 178 -1 1
119 178 -1 1
118 178 -1 1
128 177 -1 1
127 177 -1 1
126 177 -1 1
125 177 -1 1
124 177 -1 1
123 177 -1 1
122 177 -1 1
121 177 -1 1
120 177 -1 1
119 177 -1 1
129 176 -1 1
128 176 -1 1
127 176 -1 1
126 176 -1 1
125 176 -1 1
124 176 -1 1
123 176 -1 1
122 176 -1 1
121 176 -1 1
120 176 -1 1
129 175 -1 1
128 175 -1 1
127 175 -1 1
126 175 -1 1
125 175 -1 1
124 175 -1 1
123 175 -1 1
122 175 -1 1
121 175 -1 1
129 174 -1 1
128 174 -1 1
127 174 -1 1
126 174 -1 1
125 174 -1 1
124 174 -1 1
123 174 -1 1
122 174 -1 1
121 174 -1 1
130 173 -1 1
129 173 -1 1
128 173 -1 1
127 173 -1 1
126 173 -1 1
125 173 -1 1
124 173 -1 1
123 173 -1 1
130 172 -1 1
129 172 -1 1
128 172 -1 1
127 172 -1 1
126 172 -1 1
125 172 -1 1
124 172 -1 1
130 171 -1 1
129 171 -1 1
128 171 -1 1
127 171 -1 1
126 171 -1 1
125 171 -1 1
124 171 -1 1
137 170 -1 1
136 170 -1 1
135 170 -1 1
134 170 -1 1
133 170 -1 1
132 170 -1 1
131 170 -1 1
130 170 -1 1
129 170 -1 1
128 170 -1 1
127 170 -1 1
126 170 -1 1
125 170 -1 1
139 169 -1 1
138 169 -1 1
137 169 -1 1
136 169 -1 1
135 169 -1 1
134 169 -1 1
133 169 -1 1
132 169 -1 1
131 169 -1 1
130 169 -1 1
129 169 -1 1
128 169 -1 1
127 169 -1 1
126 169 -1 1
125 169 -1 1
139 168 -1 1
138 168 -1 1
137 168 -1 1
136 168 -1 1
135 168 -1 1
134 168 -1 1
133 168 -1 1
132 168 -1 1
131 168 -1 1
130 168 -1 1
129 168 -1 1
128 168 -1 1
127 168 -1 1
126 168 -1 1
125 168 -1 1
140 167 -1 1
139 167 -1 1
138 167 -1 1
137 167 -1 1
136 167 -1 1
135 167 -1 1
134 167 -1 1
133 167 -1 1
132 167 -1 1
131 167 -1 1
130 167 -1 1
129 167 -1 1
128 167 -1 1
127 167 -1 1
126 167 -1 1
125 167 -1 1
140 166 -1 1
139 166 -1 1
138 166 -1 1
137 166 -1 1
136 166 -1 1
135 166 -1 1
134 166 -1 1
133 166 -1 1
132 166 -1 1
131 166 -1 1
130 166 -1 1
129 166 -1 1
128 166 -1 1
127 166 -1 1
126 166 -1 1
140 165 -1 1
139 165 -1 1
138 165 -1 1
137 165 -1 1
136 165 -1 1
135 165 -1 1
134 165 -1 1
133 165 -1 1
132 165 -1 1
131 165 -1 1
130 165 -1 1
129 165 -1 1
128 165 -1 1
127 165 -1 1
126 165 -1 1
139 164 -1 1
138 164 -1 1
137 164 -1 1
136 164 -1 1
135 164 -1 1
134 164 -1 1
133 164 -1 1
132 164 -1 1
131 164 -1 1
130 164 -1 1
129 164 -1 1
128 164 -1 1
127 164 -1 1
140 163 -1 1
139 163 -1 1
138 163 -1 1
137 163 -1 1
136 163 -1 1
135 163 -1 1
134 163 -1 1
133 163 -1 1
132 163 -1 1
131 163 -1 1
130 163 -1 1
129 163 -1 1
139 162 -1 1
138 162 -1 1
137 162 -1 1
136 162 -1 1
135 162 -1 1
134 162 -1 1
133 162 -1 1
132 162 -1 1
139 161 -1 1
138 161 -1 1
137 161 -1 1
136 161 -1 1
135 161 -1 1
134 161 -1 1
133 161 -1 1
132 161 -1 1
138 160 -1 1
137 160 -1 1
136 160 -1 1
135 160 -1 1
134 160 -1 1
133 160 -1 1
132 160 -1 1
138 159 -1 1
137 159 -1 1
136 159 -1 1
135 159 -1 1
134 159 -1 1
133 159 -1 1
132 159 -1 1
138 158 -1 1
137 158 -1 1
136 158 -1 1
135 158 -1 1
134 158 -1 1
133 158 -1 1
132 158 -1 1
138 157 -1 1
137 157 -1 1
136 157 -1 1
135 157 -1 1
134 157 -1 1
133 157 -1 1
132 157 -1 1
138 156 -1 1
137 156 -1 1
136 156 -1 1
135 156 -1 1
134 156 -1 1
133 156 -1 1
132 156 -1 1
138 155 -1 1
137 155 -1 1
136 155 -1 1
135 155 -1 1
134 155 -1 1
133 155 -1 1
132 155 -1 1
138 154 -1 1
137 154 -1 1
136 154 -1 1
135 154 -1 1
134 154 -1 1
133 154 -1 1
132 154 -1 1
138 153 -1 1
137 153 -1 1
136 153 -1 1
135 153 -1 1
134 153 -1 1
133 153 -1 1
132 153 -1 1
138 152 -1 1
137 152 -1 1
136 152 -1 1
135 152 -1 1
134 152 -1 1
133 152 -1 1
132 152 -1 1
138 151 -1 1
137 151 -1 1
136 151 -1 1
135 151 -1 1
134 151 -1 1
133 151 -1 1
132 151 -1 1
138 150 -1 1
137 150 -1 1
136 150 -1 1
135 150 -1 1
134 150 -1 1
133 150 -1 1
132 150 -1 1
138 149 -1 1
137 149 -1 1
136 149 -1 1
135 149 -1 1
134 149 -1 1
133 149 -1 1
132 149 -1 1
138 148 -1 1
137 148 -1 1
136 148 -1 1
135 148 -1 1
134 148 -1 1
133 148 -1 1
132 148 -1 1
138 147 -1 1
137 147 -1 1
136 147 -1 1
135 147 -1 1
134 147 -1 1
133 147 -1 1
132 147 -1 1
138 146 -1 1
137 146 -1 1
136 146 -1 1
135 146 -1 1
134 146 -1 1
133 146 -1 1
132 146 -1 1
139 145 -1 1
138 145 -1 1
137 145 -1 1
136 145 -1 1
135 145 -1 1
134 145 -1 1
133 145 -1 1
132 145 -1 1
140 144 -1 1
139 144 -1 1
138 144 -1 1
137 144 -1 1
136 144 -1 1
135 144 -1 1
134 144 -1 1
133 144 -1 1
132 144 -1 1
141 143 -1 1
140 143 -1 1
139 143 -1 1
138 143 -1 1
137 143 -1 1
136 143 -1 1
135 143 -1 1
134 143 -1 1
133 143 -1 1
142 142 -1 1
141 142 -1 1
140 142 -1 1
139 142 -1 1
138 142 -1 1
137 142 -1 1
136 142 -1 1
135 142 -1 1
134 142 -1 1
133 142 -1 1
142 141 -1 1
141 141 -1 1
140 141 -1 1
139 141 -1 1
138 141 -1 1
137 141 -1 1
136 141 -1 1
135 141 -1 1
134 141 -1 1
143 140 -1 1
142 140 -1 1
141 140 -1 1
140 140 -1 1
139 140 -1 1
138 140 -1 1
137 140 -1 1
136 140 -1 1
135 140 -1 1
143 139 -1 1
142 139 -1 1
141 139 -1 1
140 139 -1 1
139 139 -1 1
138 139 -1 1
137 139 -1 1
143 138 -1 1
142 138 -1 1
141 138 -1 1
140 138 -1 1
139 138 -1 1
138 138 -1 1
137 138 -1 1
136 138 -1 1
142 137 -1 1
141 137 -1 1
140 137 -1 1
139 137 -1 1
138 137 -1 1
137 137 -1 1
136 137 -1 1
142 136 -1 1
141 136 -1 1
140 136 -1 1
139 136 -1 1
138 136 -1 1
137 136 -1 1
136 136 -1 1
142 135 -1 1
141 135 -1 1
140 135 -1 1
139 135 -1 1
138 135 -1 1
137 135 -1 1
136 135 -1 1
135 135 -1 1
141 134 -1 1
140 134 -1 1
139 134 -1 1
138 134 -1 1
137 134 -1 1
136 134 -1 1
135 134 -1 1
141 133 -1 1
140 133 -1 1
139 133 -1 1
138 133 -1 1
137 133 -1 1
136 133 -1 1
135 133 -1 1
141 132 -1 1
140 132 -1 1
139 132 -1 1
138 132 -1 1
137 132 -1 1
136 132 -1 1
135 132 -1 1
134 132 -1 1
140 131 -1 1
139 131 -1 1
138 131 -1 1
137 131 -1 1
136 131 -1 1
135 131 -1 1
134 131 -1 1
140 130 -1 1
139 130 -1 1
138 130 -1 1
137 130 -1 1
136 130 -1 1
135 130 -1 1
134 130 -1 1
133 130 -1 1
139 129 -1 1
138 129 -1 1
137 129 -1 1
136 129 -1 1
135 129 -1 1
134 129 -1 1
133 129 -1 1
139 128 -1 1
138 128 -1 1
137 128 -1 1
136 128 -1 1
135 128 -1 1
134 128 -1 1
133 128 -1 1
139 127 -1 1
138 127 -1 1
137 127 -1 1
136 127 -1 1
135 127 -1 1
134 127 -1 1
133 127 -1 1
139 126 -1 1
138 126 -1 1
137 126 -1 1
136 126 -1 1
135 126 -1 1
134 126 -1 1
133 126 -1 1
132 126 -1 1
138 125 -1 1
137 125 -1 1
136 125 -1 1
135 125 -1 1
134 125 -1 1
133 125 -1 1
132 125 -1 1
138 124 -1 1
137 124 -1 1
136 124 -1 1
135 124 -1 1
134 124 -1 1
133 124 -1 1
132 124 -1 1
138 123 -1 1
137 123 -1 1
136 123 -1 1
135 123 -1 1
134 123 -1 1
133 123 -1 1
132 123 -1 1
138 122 -1 1
137 122 -1 1
136 122 -1 1
135 122 -1 1
134 122 -1 1
133 122 -1 1
132 122 -1 1
138 121 -1 1
137 121 -1 1
136 121 -1 1
135 121 -1 1
134 121 -1 1
133 121 -1 1
132 121 -1 1
137 120 -1 1
136 120 -1 1
135 120 -1 1
134 120 -1 1
133 120 -1 1
137 119 -1 1
136 119 -1 1
135 119 -1 1
134 119 -1 1
133 119 -1 1
135 118 -1 1
