7805 512 512
480 373 -1 0
479 373 -1 0
483 372 -1 0
482 372 -1 0
481 372 -1 0
480 372 -1 0
479 372 -1 0
478 372 -1 0
477 372 -1 0
476 372 -1 0
484 371 -1 0
483 371 -1 0
482 371 -1 0
481 371 -1 0
480 371 -1 0
479 371 -1 0
478 371 -1 0
477 371 -1 0
476 371 -1 0
475 371 -1 0
484 370 -1 0
483 370 -1 0
482 370 -1 0
481 370 -1 0
480 370 -1 0
479 370 -1 0
478 370 -1 0
477 370 -1 0
476 370 -1 0
475 370 -1 0
484 369 -1 0
483 369 -1 0
482 369 -1 0
481 369 -1 0
480 369 -1 0
479 369 -1 0
478 369 -1 0
477 369 -1 0
476 369 -1 0
475 369 -1 0
485 368 -1 0
484 368 -1 0
483 368 -1 0
482 368 -1 0
481 368 -1 0
480 368 -1 0
479 368 -1 0
478 368 -1 0
477 368 -1 0
476 368 -1 0
475 368 -1 0
474 368 -1 0
485 367 -1 0
484 367 -1 0
483 367 -1 0
482 367 -1 0
481 367 -1 0
480 367 -1 0
479 367 -1 0
478 367 -1 0
477 367 -1 0
476 367 -1 0
475 367 -1 0
485 366 -1 0
484 366 -1 0
483 366 -1 0
482 366 -1 0
481 366 -1 0
480 366 -1 0
479 366 -1 0
478 366 -1 0
477 366 -1 0
476 366 -1 0
475 366 -1 0
485 365 -1 0
484 365 -1 0
483 365 -1 0
482 365 -1 0
481 365 -1 0
480 365 -1 0
479 365 -1 0
478 365 -1 0
477 365 -1 0
476 365 -1 0
475 365 -1 0
485 364 -1 0
484 364 -1 0
483 364 -1 0
482 364 -1 0
481 364 -1 0
480 364 -1 0
479 364 -1 0
478 364 -1 0
477 364 -1 0
476 364 -1 0
475 364 -1 0
485 363 -1 0
484 363 -1 0
483 363 -1 0
482 363 -1 0
481 363 -1 0
480 363 -1 0
479 363 -1 0
478 363 -1 0
477 363 -1 0
476 363 -1 0
475 363 -1 0
486 362 -1 0
485 362 -1 0
484 362 -1 0
483 362 -1 0
482 362 -1 0
481 362 -1 0
480 362 -1 0
479 362 -1 0
478 362 -1 0
477 362 -1 0
476 362 -1 0
486 361 -1 0
485 361 -1 0
484 361 -1 0
483 361 -1 0
482 361 -1 0
481 361 -1 0
480 361 -1 0
479 361 -1 0
478 361 -1 0
477 361 -1 0
476 361 -1 0
486 360 -1 0
485 360 -1 0
484 360 -1 0
483 360 -1 0
482 360 -1 0
481 360 -1 0
480 360 -1 0
479 360 -1 0
478 360 -1 0
477 360 -1 0
476 360 -1 0
486 359 -1 0
485 359 -1 0
484 359 -1 0
483 359 -1 0
482 359 -1 0
481 359 -1 0
480 359 -1 0
479 359 -1 0
478 359 -1 0
477 359 -1 0
476 359 -1 0
487 358 -1 0
486 358 -1 0
485 358 -1 0
484 358 -1 0
483 358 -1 0
482 358 -1 0
481 358 -1 0
480 358 -1 0
479 358 -1 0
478 358 -1 0
477 358 -1 0
487 357 -1 0
486 357 -1 0
485 357 -1 0
484 357 -1 0
483 357 -1 0
482 357 -1 0
481 357 -1 0
480 357 -1 0
479 357 -1 0
478 357 -1 0
477 357 -1 0
487 356 -1 0
486 356 -1 0
485 356 -1 0
484 356 -1 0
483 356 -1 0
482 356 -1 0
481 356 -1 0
480 356 -1 0
479 356 -1 0
478 356 -1 0
477 356 -1 0
487 355 -1 0
486 355 -1 0
485 355 -1 0
484 355 -1 0
483 355 -1 0
482 355 -1 0
481 355 -1 0
480 355 -1 0
479 355 -1 0
478 355 -1 0
477 355 -1 0
487 354 -1 0
486 354 -1 0
485 354 -1 0
484 354 -1 0
483 354 -1 0
482 354 -1 0
481 354 -1 0
480 354 -1 0
479 354 -1 0
478 354 -1 0
477 354 -1 0
488 353 -1 0
487 353 -1 0
486 353 -1 0
485 353 -1 0
484 353 -1 0
483 353 -1 0
482 353 -1 0
481 353 -1 0
480 353 -1 0
479 353 -1 0
478 353 -1 0
488 352 -1 0
487 352 -1 0
486 352 -1 0
485 352 -1 0
484 352 -1 0
483 352 -1 0
482 352 -1 0
481 352 -1 0
480 352 -1 0
479 352 -1 0
478 352 -1 0
488 351 -1 0
487 351 -1 0
486 351 -1 0
485 351 -1 0
484 351 -1 0
483 351 -1 0
482 351 -1 0
481 351 -1 0
480 351 -1 0
479 351 -1 0
478 351 -1 0
488 350 -1 0
487 350 -1 0
486 350 -1 0
485 350 -1 0
484 350 -1 0
483 350 -1 0
482 350 -1 0
481 350 -1 0
480 350 -1 0
479 350 -1 0
478 350 -1 0
488 349 -1 0
487 349 -1 0
486 349 -1 0
485 349 -1 0
484 349 -1 0
483 349 -1 0
482 349 -1 0
481 349 -1 0
480 349 -1 0
479 349 -1 0
478 349 -1 0
488 348 -1 0
487 348 -1 0
486 348 -1 0
485 348 -1 0
484 348 -1 0
483 348 -1 0
482 348 -1 0
481 348 -1 0
480 348 -1 0
479 348 -1 0
478 348 -1 0
488 347 -1 0
487 347 -1 0
486 347 -1 0
485 347 -1 0
484 347 -1 0
483 347 -1 0
482 347 -1 0
481 347 -1 0
480 347 -1 0
479 347 -1 0
478 347 -1 0
488 346 -1 0
487 346 -1 0
486 346 -1 0
485 346 -1 0
484 346 -1 0
483 346 -1 0
482 346 -1 0
481 346 -1 0
480 346 -1 0
479 346 -1 0
478 346 -1 0
488 345 -1 0
487 345 -1 0
486 345 -1 0
485 345 -1 0
484 345 -1 0
483 345 -1 0
482 345 -1 0
481 345 -1 0
480 345 -1 0
479 345 -1 0
478 345 -1 0
489 344 -1 0
488 344 -1 0
487 344 -1 0
486 344 -1 0
485 344 -1 0
484 344 -1 0
483 344 -1 0
482 344 -1 0
481 344 -1 0
480 344 -1 0
479 344 -1 0
489 343 -1 0
488 343 -1 0
487 343 -1 0
486 343 -1 0
485 343 -1 0
484 343 -1 0
483 343 -1 0
482 343 -1 0
481 343 -1 0
480 343 -1 0
479 343 -1 0
489 342 -1 0
488 342 -1 0
487 342 -1 0
486 342 -1 0
485 342 -1 0
484 342 -1 0
483 342 -1 0
482 342 -1 0
481 342 -1 0
480 342 -1 0
479 342 -1 0
489 341 -1 0
488 341 -1 0
487 341 -1 0
486 341 -1 0
485 341 -1 0
484 341 -1 0
483 341 -1 0
482 341 -1 0
481 341 -1 0
480 341 -1 0
479 341 -1 0
489 340 -1 0
488 340 -1 0
487 340 -1 0
486 340 -1 0
485 340 -1 0
484 340 -1 0
483 340 -1 0
482 340 -1 0
481 340 -1 0
480 340 -1 0
479 340 -1 0
489 339 -1 0
488 339 -1 0
487 339 -1 0
486 339 -1 0
485 339 -1 0
484 339 -1 0
483 339 -1 0
482 339 -1 0
481 339 -1 0
480 339 -1 0
479 339 -1 0
489 338 -1 0
488 338 -1 0
487 338 -1 0
486 338 -1 0
485 338 -1 0
484 338 -1 0
483 338 -1 0
482 338 -1 0
481 338 -1 0
480 338 -1 0
479 338 -1 0
490 337 -1 0
489 337 -1 0
488 337 -1 0
487 337 -1 0
486 337 -1 0
485 337 -1 0
484 337 -1 0
483 337 -1 0
482 337 -1 0
481 337 -1 0
480 337 -1 0
490 336 -1 0
489 336 -1 0
488 336 -1 0
487 336 -1 0
486 336 -1 0
485 336 -1 0
484 336 -1 0
483 336 -1 0
482 336 -1 0
481 336 -1 0
480 336 -1 0
490 335 -1 0
489 335 -1 0
488 335 -1 0
487 335 -1 0
486 335 -1 0
485 335 -1 0
484 335 -1 0
483 335 -1 0
482 335 -1 0
481 335 -1 0
480 335 -1 0
490 334 -1 0
489 334 -1 0
488 334 -1 0
487 334 -1 0
486 334 -1 0
485 334 -1 0
484 334 -1 0
483 334 -1 0
482 334 -1 0
481 334 -1 0
480 334 -1 0
490 333 -1 0
489 333 -1 0
488 333 -1 0
487 333 -1 0
486 333 -1 0
485 333 -1 0
484 333 -1 0
483 333 -1 0
482 333 -1 0
481 333 -1 0
480 333 -1 0
490 332 -1 0
489 332 -1 0
488 332 -1 0
487 332 -1 0
486 332 -1 0
485 332 -1 0
484 332 -1 0
483 332 -1 0
482 332 -1 0
481 332 -1 0
480 332 -1 0
490 331 -1 0
489 331 -1 0
488 331 -1 0
487 331 -1 0
486 331 -1 0
485 331 -1 0
484 331 -1 0
483 331 -1 0
482 331 -1 0
481 331 -1 0
480 331 -1 0
491 330 -1 0
490 330 -1 0
489 330 -1 0
488 330 -1 0
487 330 -1 0
486 330 -1 0
485 330 -1 0
484 330 -1 0
483 330 -1 0
482 330 -1 0
481 330 -1 0
491 329 -1 0
490 329 -1 0
489 329 -1 0
488 329 -1 0
487 329 -1 0
486 329 -1 0
485 329 -1 0
484 329 -1 0
483 329 -1 0
482 329 -1 0
481 329 -1 0
491 328 -1 0
490 328 -1 0
489 328 -1 0
488 328 -1 0
487 328 -1 0
486 328 -1 0
485 328 -1 0
484 328 -1 0
483 328 -1 0
482 328 -1 0
481 328 -1 0
491 327 -1 0
490 327 -1 0
489 327 -1 0
488 327 -1 0
487 327 -1 0
486 327 -1 0
485 327 -1 0
484 327 -1 0
483 327 -1 0
482 327 -1 0
481 327 -1 0
491 326 -1 0
490 326 -1 0
489 326 -1 0
488 326 -1 0
487 326 -1 0
486 326 -1 0
485 326 -1 0
484 326 -1 0
483 326 -1 0
482 326 -1 0
481 326 -1 0
491 325 -1 0
490 325 -1 0
489 325 -1 0
488 325 -1 0
487 325 -1 0
486 325 -1 0
485 325 -1 0
484 325 -1 0
483 325 -1 0
482 325 -1 0
481 325 -1 0
491 324 -1 0
490 324 -1 0
489 324 -1 0
488 324 -1 0
487 324 -1 0
486 324 -1 0
485 324 -1 0
484 324 -1 0
483 324 -1 0
482 324 -1 0
481 324 -1 0
491 323 -1 0
490 323 -1 0
489 323 -1 0
488 323 -1 0
487 323 -1 0
486 323 -1 0
485 323 -1 0
484 323 -1 0
483 323 -1 0
482 323 -1 0
481 323 -1 0
491 322 -1 0
490 322 -1 0
489 322 -1 0
488 322 -1 0
487 322 -1 0
486 322 -1 0
485 322 -1 0
484 322 -1 0
483 322 -1 0
482 322 -1 0
481 322 -1 0
491 321 -1 0
490 321 -1 0
489 321 -1 0
488 321 -1 0
487 321 -1 0
486 321 -1 0
485 321 -1 0
484 321 -1 0
483 321 -1 0
482 321 -1 0
481 321 -1 0
491 320 -1 0
490 320 -1 0
489 320 -1 0
488 320 -1 0
487 320 -1 0
486 320 -1 0
485 320 -1 0
484 320 -1 0
483 320 -1 0
482 320 -1 0
481 320 -1 0
491 319 -1 0
490 319 -1 0
489 319 -1 0
488 319 -1 0
487 319 -1 0
486 319 -1 0
485 319 -1 0
484 319 -1 0
483 319 -1 0
482 319 -1 0
481 319 -1 0
491 318 -1 0
490 318 -1 0
489 318 -1 0
488 318 -1 0
487 318 -1 0
486 318 -1 0
485 318 -1 0
484 318 -1 0
483 318 -1 0
482 318 -1 0
481 318 -1 0
491 317 -1 0
490 317 -1 0
489 317 -1 0
488 317 -1 0
487 317 -1 0
486 317 -1 0
485 317 -1 0
484 317 -1 0
483 317 -1 0
482 317 -1 0
481 317 -1 0
491 316 -1 0
490 316 -1 0
489 316 -1 0
488 316 -1 0
487 316 -1 0
486 316 -1 0
485 316 -1 0
484 316 -1 0
483 316 -1 0
482 316 -1 0
481 316 -1 0
491 315 -1 0
490 315 -1 0
489 315 -1 0
488 315 -1 0
487 315 -1 0
486 315 -1 0
485 315 -1 0
484 315 -1 0
483 315 -1 0
482 315 -1 0
481 315 -1 0
491 314 -1 0
490 314 -1 0
489 314 -1 0
488 314 -1 0
487 314 -1 0
486 314 -1 0
485 314 -1 0
484 314 -1 0
483 314 -1 0
482 314 -1 0
481 314 -1 0
491 313 -1 0
490 313 -1 0
489 313 -1 0
488 313 -1 0
487 313 -1 0
486 313 -1 0
485 313 -1 0
484 313 -1 0
483 313 -1 0
482 313 -1 0
481 313 -1 0
491 312 -1 0
490 312 -1 0
489 312 -1 0
488 312 -1 0
487 312 -1 0
486 312 -1 0
485 312 -1 0
484 312 -1 0
483 312 -1 0
482 312 -1 0
481 312 -1 0
491 311 -1 0
490 311 -1 0
489 311 -1 0
488 311 -1 0
487 311 -1 0
486 311 -1 0
485 311 -1 0
484 311 -1 0
483 311 -1 0
482 311 -1 0
481 311 -1 0
491 310 -1 0
490 310 -1 0
489 310 -1 0
488 310 -1 0
487 310 -1 0
486 310 -1 0
485 310 -1 0
484 310 -1 0
483 310 -1 0
482 310 -1 0
481 310 -1 0
491 309 -1 0
490 309 -1 0
489 309 -1 0
488 309 -1 0
487 309 -1 0
486 309 -1 0
485 309 -1 0
484 309 -1 0
483 309 -1 0
482 309 -1 0
481 309 -1 0
491 308 -1 0
490 308 -1 0
489 308 -1 0
488 308 -1 0
487 308 -1 0
486 308 -1 0
485 308 -1 0
484 308 -1 0
483 308 -1 0
482 308 -1 0
481 308 -1 0
491 307 -1 0
490 307 -1 0
489 307 -1 0
488 307 -1 0
487 307 -1 0
486 307 -1 0
485 307 -1 0
484 307 -1 0
483 307 -1 0
482 307 -1 0
481 307 -1 0
491 306 -1 0
490 306 -1 0
489 306 -1 0
488 306 -1 0
487 306 -1 0
486 306 -1 0
485 306 -1 0
484 306 -1 0
483 306 -1 0
482 306 -1 0
481 306 -1 0
491 305 -1 0
490 305 -1 0
489 305 -1 0
488 305 -1 0
487 305 -1 0
486 305 -1 0
485 305 -1 0
484 305 -1 0
483 305 -1 0
482 305 -1 0
481 305 -1 0
491 304 -1 0
490 304 -1 0
489 304 -1 0
488 304 -1 0
487 304 -1 0
486 304 -1 0
485 304 -1 0
484 304 -1 0
483 304 -1 0
482 304 -1 0
481 304 -1 0
491 303 -1 0
490 303 -1 0
489 303 -1 0
488 303 -1 0
487 303 -1 0
486 303 -1 0
485 303 -1 0
484 303 -1 0
483 303 -1 0
482 303 -1 0
481 303 -1 0
491 302 -1 0
490 302 -1 0
489 302 -1 0
488 302 -1 0
487 302 -1 0
486 302 -1 0
485 302 -1 0
484 302 -1 0
483 302 -1 0
482 302 -1 0
481 302 -1 0
491 301 -1 0
490 301 -1 0
489 301 -1 0
488 301 -1 0
487 301 -1 0
486 301 -1 0
485 301 -1 0
484 301 -1 0
483 301 -1 0
482 301 -1 0
481 301 -1 0
491 300 -1 0
490 300 -1 0
489 300 -1 0
488 300 -1 0
487 300 -1 0
486 300 -1 0
485 300 -1 0
484 300 -1 0
483 300 -1 0
482 300 -1 0
481 300 -1 0
491 299 -1 0
490 299 -1 0
489 299 -1 0
488 299 -1 0
487 299 -1 0
486 299 -1 0
485 299 -1 0
484 299 -1 0
483 299 -1 0
482 299 -1 0
481 299 -1 0
491 298 -1 0
490 298 -1 0
489 298 -1 0
488 298 -1 0
487 298 -1 0
486 298 -1 0
485 298 -1 0
484 298 -1 0
483 298 -1 0
482 298 -1 0
481 298 -1 0
41 298 -1 0
491 297 -1 0
490 297 -1 0
489 297 -1 0
488 297 -1 0
487 297 -1 0
486 297 -1 0
485 297 -1 0
484 297 -1 0
483 297 -1 0
482 297 -1 0
481 297 -1 0
44 297 -1 0
43 297 -1 0
42 297 -1 0
41 297 -1 0
40 297 -1 0
39 297 -1 0
38 297 -1 0
490 296 -1 0
489 296 -1 0
488 296 -1 0
487 296 -1 0
486 296 -1 0
485 296 -1 0
484 296 -1 0
483 296 -1 0
482 296 -1 0
481 296 -1 0
480 296 -1 0
45 296 -1 0
44 296 -1 0
43 296 -1 0
42 296 -1 0
41 296 -1 0
40 296 -1 0
39 296 -1 0
38 296 -1 0
37 296 -1 0
490 295 -1 0
489 295 -1 0
488 295 -1 0
487 295 -1 0
486 295 -1 0
485 295 -1 0
484 295 -1 0
483 295 -1 0
482 295 -1 0
481 295 -1 0
480 295 -1 0
46 295 -1 0
45 295 -1 0
44 295 -1 0
43 295 -1 0
42 295 -1 0
41 295 -1 0
40 295 -1 0
39 295 -1 0
38 295 -1 0
37 295 -1 0
490 294 -1 0
489 294 -1 0
488 294 -1 0
487 294 -1 0
486 294 -1 0
485 294 -1 0
484 294 -1 0
483 294 -1 0
482 294 -1 0
481 294 -1 0
480 294 -1 0
47 294 -1 0
46 294 -1 0
45 294 -1 0
44 294 -1 0
43 294 -1 0
42 294 -1 0
41 294 -1 0
40 294 -1 0
39 294 -1 0
38 294 -1 0
37 294 -1 0
490 293 -1 0
489 293 -1 0
488 293 -1 0
487 293 -1 0
486 293 -1 0
485 293 -1 0
484 293 -1 0
483 293 -1 0
482 293 -1 0
481 293 -1 0
480 293 -1 0
47 293 -1 0
46 293 -1 0
45 293 -1 0
44 293 -1 0
43 293 -1 0
42 293 -1 0
41 293 -1 0
40 293 -1 0
39 293 -1 0
38 293 -1 0
37 293 -1 0
36 293 -1 0
490 292 -1 0
489 292 -1 0
488 292 -1 0
487 292 -1 0
486 292 -1 0
485 292 -1 0
484 292 -1 0
483 292 -1 0
482 292 -1 0
481 292 -1 0
480 292 -1 0
47 292 -1 0
46 292 -1 0
45 292 -1 0
44 292 -1 0
43 292 -1 0
42 292 -1 0
41 292 -1 0
40 292 -1 0
39 292 -1 0
38 292 -1 0
37 292 -1 0
490 291 -1 0
489 291 -1 0
488 291 -1 0
487 291 -1 0
486 291 -1 0
485 291 -1 0
484 291 -1 0
483 291 -1 0
482 291 -1 0
481 291 -1 0
480 291 -1 0
48 291 -1 0
47 291 -1 0
46 291 -1 0
45 291 -1 0
44 291 -1 0
43 291 -1 0
42 291 -1 0
41 291 -1 0
40 291 -1 0
39 291 -1 0
38 291 -1 0
37 291 -1 0
490 290 -1 0
489 290 -1 0
488 290 -1 0
487 290 -1 0
486 290 -1 0
485 290 -1 0
484 290 -1 0
483 290 -1 0
482 290 -1 0
481 290 -1 0
480 290 -1 0
48 290 -1 0
47 290 -1 0
46 290 -1 0
45 290 -1 0
44 290 -1 0
43 290 -1 0
42 290 -1 0
41 290 -1 0
40 290 -1 0
39 290 -1 0
38 290 -1 0
37 290 -1 0
490 289 -1 0
489 289 -1 0
488 289 -1 0
487 289 -1 0
486 289 -1 0
485 289 -1 0
484 289 -1 0
483 289 -1 0
482 289 -1 0
481 289 -1 0
480 289 -1 0
48 289 -1 0
47 289 -1 0
46 289 -1 0
45 289 -1 0
44 289 -1 0
43 289 -1 0
42 289 -1 0
41 289 -1 0
40 289 -1 0
39 289 -1 0
38 289 -1 0
490 288 -1 0
489 288 -1 0
488 288 -1 0
487 288 -1 0
486 288 -1 0
485 288 -1 0
484 288 -1 0
483 288 -1 0
482 288 -1 0
481 288 -1 0
480 288 -1 0
48 288 -1 0
47 288 -1 0
46 288 -1 0
45 288 -1 0
44 288 -1 0
43 288 -1 0
42 288 -1 0
41 288 -1 0
40 288 -1 0
39 288 -1 0
38 288 -1 0
490 287 -1 0
489 287 -1 0
488 287 -1 0
487 287 -1 0
486 287 -1 0
485 287 -1 0
484 287 -1 0
483 287 -1 0
482 287 -1 0
481 287 -1 0
480 287 -1 0
48 287 -1 0
47 287 -1 0
46 287 -1 0
45 287 -1 0
44 287 -1 0
43 287 -1 0
42 287 -1 0
41 287 -1 0
40 287 -1 0
39 287 -1 0
38 287 -1 0
490 286 -1 0
489 286 -1 0
488 286 -1 0
487 286 -1 0
486 286 -1 0
485 286 -1 0
484 286 -1 0
483 286 -1 0
482 286 -1 0
481 286 -1 0
480 286 -1 0
49 286 -1 0
48 286 -1 0
47 286 -1 0
46 286 -1 0
45 286 -1 0
44 286 -1 0
43 286 -1 0
42 286 -1 0
41 286 -1 0
40 286 -1 0
39 286 -1 0
490 285 -1 0
489 285 -1 0
488 285 -1 0
487 285 -1 0
486 285 -1 0
485 285 -1 0
484 285 -1 0
483 285 -1 0
482 285 -1 0
481 285 -1 0
480 285 -1 0
49 285 -1 0
48 285 -1 0
47 285 -1 0
46 285 -1 0
45 285 -1 0
44 285 -1 0
43 285 -1 0
42 285 -1 0
41 285 -1 0
40 285 -1 0
39 285 -1 0
490 284 -1 0
489 284 -1 0
488 284 -1 0
487 284 -1 0
486 284 -1 0
485 284 -1 0
484 284 -1 0
483 284 -1 0
482 284 -1 0
481 284 -1 0
480 284 -1 0
49 284 -1 0
48 284 -1 0
47 284 -1 0
46 284 -1 0
45 284 -1 0
44 284 -1 0
43 284 -1 0
42 284 -1 0
41 284 -1 0
40 284 -1 0
39 284 -1 0
490 283 -1 0
489 283 -1 0
488 283 -1 0
487 283 -1 0
486 283 -1 0
485 283 -1 0
484 283 -1 0
483 283 -1 0
482 283 -1 0
481 283 -1 0
480 283 -1 0
49 283 -1 0
48 283 -1 0
47 283 -1 0
46 283 -1 0
45 283 -1 0
44 283 -1 0
43 283 -1 0
42 283 -1 0
41 283 -1 0
40 283 -1 0
39 283 -1 0
490 282 -1 0
489 282 -1 0
488 282 -1 0
487 282 -1 0
486 282 -1 0
485 282 -1 0
484 282 -1 0
483 282 -1 0
482 282 -1 0
481 282 -1 0
480 282 -1 0
49 282 -1 0
48 282 -1 0
47 282 -1 0
46 282 -1 0
45 282 -1 0
44 282 -1 0
43 282 -1 0
42 282 -1 0
41 282 -1 0
40 282 -1 0
39 282 -1 0
490 281 -1 0
489 281 -1 0
488 281 -1 0
487 281 -1 0
486 281 -1 0
485 281 -1 0
484 281 -1 0
483 281 -1 0
482 281 -1 0
481 281 -1 0
480 281 -1 0
50 281 -1 0
49 281 -1 0
48 281 -1 0
47 281 -1 0
46 281 -1 0
45 281 -1 0
44 281 -1 0
43 281 -1 0
42 281 -1 0
41 281 -1 0
40 281 -1 0
490 280 -1 0
489 280 -1 0
488 280 -1 0
487 280 -1 0
486 280 -1 0
485 280 -1 0
484 280 -1 0
483 280 -1 0
482 280 -1 0
481 280 -1 0
480 280 -1 0
50 280 -1 0
49 280 -1 0
48 280 -1 0
47 280 -1 0
46 280 -1 0
45 280 -1 0
44 280 -1 0
43 280 -1 0
42 280 -1 0
41 280 -1 0
40 280 -1 0
490 279 -1 0
489 279 -1 0
488 279 -1 0
487 279 -1 0
486 279 -1 0
485 279 -1 0
484 279 -1 0
483 279 -1 0
482 279 -1 0
481 279 -1 0
480 279 -1 0
50 279 -1 0
49 279 -1 0
48 279 -1 0
47 279 -1 0
46 279 -1 0
45 279 -1 0
44 279 -1 0
43 279 -1 0
42 279 -1 0
41 279 -1 0
40 279 -1 0
490 278 -1 0
489 278 -1 0
488 278 -1 0
487 278 -1 0
486 278 -1 0
485 278 -1 0
484 278 -1 0
483 278 -1 0
482 278 -1 0
481 278 -1 0
480 278 -1 0
50 278 -1 0
49 278 -1 0
48 278 -1 0
47 278 -1 0
46 278 -1 0
45 278 -1 0
44 278 -1 0
43 278 -1 0
42 278 -1 0
41 278 -1 0
40 278 -1 0
490 277 -1 0
489 277 -1 0
488 277 -1 0
487 277 -1 0
486 277 -1 0
485 277 -1 0
484 277 -1 0
483 277 -1 0
482 277 -1 0
481 277 -1 0
480 277 -1 0
50 277 -1 0
49 277 -1 0
48 277 -1 0
47 277 -1 0
46 277 -1 0
45 277 -1 0
44 277 -1 0
43 277 -1 0
42 277 -1 0
41 277 -1 0
40 277 -1 0
490 276 -1 0
489 276 -1 0
488 276 -1 0
487 276 -1 0
486 276 -1 0
485 276 -1 0
484 276 -1 0
483 276 -1 0
482 276 -1 0
481 276 -1 0
480 276 -1 0
50 276 -1 0
49 276 -1 0
48 276 -1 0
47 276 -1 0
46 276 -1 0
45 276 -1 0
44 276 -1 0
43 276 -1 0
42 276 -1 0
41 276 -1 0
40 276 -1 0
490 275 -1 0
489 275 -1 0
488 275 -1 0
487 275 -1 0
486 275 -1 0
485 275 -1 0
484 275 -1 0
483 275 -1 0
482 275 -1 0
481 275 -1 0
480 275 -1 0
50 275 -1 0
49 275 -1 0
48 275 -1 0
47 275 -1 0
46 275 -1 0
45 275 -1 0
44 275 -1 0
43 275 -1 0
42 275 -1 0
41 275 -1 0
40 275 -1 0
490 274 -1 0
489 274 -1 0
488 274 -1 0
487 274 -1 0
486 274 -1 0
485 274 -1 0
484 274 -1 0
483 274 -1 0
482 274 -1 0
481 274 -1 0
480 274 -1 0
50 274 -1 0
49 274 -1 0
48 274 -1 0
47 274 -1 0
46 274 -1 0
45 274 -1 0
44 274 -1 0
43 274 -1 0
42 274 -1 0
41 274 -1 0
40 274 -1 0
490 273 -1 0
489 273 -1 0
488 273 -1 0
487 273 -1 0
486 273 -1 0
485 273 -1 0
484 273 -1 0
483 273 -1 0
482 273 -1 0
481 273 -1 0
480 273 -1 0
50 273 -1 0
49 273 -1 0
48 273 -1 0
47 273 -1 0
46 273 -1 0
45 273 -1 0
44 273 -1 0
43 273 -1 0
42 273 -1 0
41 273 -1 0
40 273 -1 0
490 272 -1 0
489 272 -1 0
488 272 -1 0
487 272 -1 0
486 272 -1 0
485 272 -1 0
484 272 -1 0
483 272 -1 0
482 272 -1 0
481 272 -1 0
480 272 -1 0
50 272 -1 0
49 272 -1 0
48 272 -1 0
47 272 -1 0
46 272 -1 0
45 272 -1 0
44 272 -1 0
43 272 -1 0
42 272 -1 0
41 272 -1 0
40 272 -1 0
491 271 -1 0
490 271 -1 0
489 271 -1 0
488 271 -1 0
487 271 -1 0
486 271 -1 0
485 271 -1 0
484 271 -1 0
483 271 -1 0
482 271 -1 0
481 271 -1 0
50 271 -1 0
49 271 -1 0
48 271 -1 0
47 271 -1 0
46 271 -1 0
45 271 -1 0
44 271 -1 0
43 271 -1 0
42 271 -1 0
41 271 -1 0
40 271 -1 0
491 270 -1 0
490 270 -1 0
489 270 -1 0
488 270 -1 0
487 270 -1 0
486 270 -1 0
485 270 -1 0
484 270 -1 0
483 270 -1 0
482 270 -1 0
481 270 -1 0
50 270 -1 0
49 270 -1 0
48 270 -1 0
47 270 -1 0
46 270 -1 0
45 270 -1 0
44 270 -1 0
43 270 -1 0
42 270 -1 0
41 270 -1 0
40 270 -1 0
491 269 -1 0
490 269 -1 0
489 269 -1 0
488 269 -1 0
487 269 -1 0
486 269 -1 0
485 269 -1 0
484 269 -1 0
483 269 -1 0
482 269 -1 0
481 269 -1 0
50 269 -1 0
49 269 -1 0
48 269 -1 0
47 269 -1 0
46 269 -1 0
45 269 -1 0
44 269 -1 0
43 269 -1 0
42 269 -1 0
41 269 -1 0
40 269 -1 0
491 268 -1 0
490 268 -1 0
489 268 -1 0
488 268 -1 0
487 268 -1 0
486 268 -1 0
485 268 -1 0
484 268 -1 0
483 268 -1 0
482 268 -1 0
481 268 -1 0
50 268 -1 0
49 268 -1 0
48 268 -1 0
47 268 -1 0
46 268 -1 0
45 268 -1 0
44 268 -1 0
43 268 -1 0
42 268 -1 0
41 268 -1 0
40 268 -1 0
491 267 -1 0
490 267 -1 0
489 267 -1 0
488 267 -1 0
487 267 -1 0
486 267 -1 0
485 267 -1 0
484 267 -1 0
483 267 -1 0
482 267 -1 0
481 267 -1 0
50 267 -1 0
49 267 -1 0
48 267 -1 0
47 267 -1 0
46 267 -1 0
45 267 -1 0
44 267 -1 0
43 267 -1 0
42 267 -1 0
41 267 -1 0
40 267 -1 0
491 266 -1 0
490 266 -1 0
489 266 -1 0
488 266 -1 0
487 266 -1 0
486 266 -1 0
485 266 -1 0
484 266 -1 0
483 266 -1 0
482 266 -1 0
481 266 -1 0
50 266 -1 0
49 266 -1 0
48 266 -1 0
47 266 -1 0
46 266 -1 0
45 266 -1 0
44 266 -1 0
43 266 -1 0
42 266 -1 0
41 266 -1 0
40 266 -1 0
491 265 -1 0
490 265 -1 0
489 265 -1 0
488 265 -1 0
487 265 -1 0
486 265 -1 0
485 265 -1 0
484 265 -1 0
483 265 -1 0
482 265 -1 0
481 265 -1 0
50 265 -1 0
49 265 -1 0
48 265 -1 0
47 265 -1 0
46 265 -1 0
45 265 -1 0
44 265 -1 0
43 265 -1 0
42 265 -1 0
41 265 -1 0
40 265 -1 0
491 264 -1 0
490 264 -1 0
489 264 -1 0
488 264 -1 0
487 264 -1 0
486 264 -1 0
485 264 -1 0
484 264 -1 0
483 264 -1 0
482 264 -1 0
481 264 -1 0
50 264 -1 0
49 264 -1 0
48 264 -1 0
47 264 -1 0
46 264 -1 0
45 264 -1 0
44 264 -1 0
43 264 -1 0
42 264 -1 0
41 264 -1 0
40 264 -1 0
491 263 -1 0
490 263 -1 0
489 263 -1 0
488 263 -1 0
487 263 -1 0
486 263 -1 0
485 263 -1 0
484 263 -1 0
483 263 -1 0
482 263 -1 0
481 263 -1 0
50 263 -1 0
49 263 -1 0
48 263 -1 0
47 263 -1 0
46 263 -1 0
45 263 -1 0
44 263 -1 0
43 263 -1 0
42 263 -1 0
41 263 -1 0
40 263 -1 0
491 262 -1 0
490 262 -1 0
489 262 -1 0
488 262 -1 0
487 262 -1 0
486 262 -1 0
485 262 -1 0
484 262 -1 0
483 262 -1 0
482 262 -1 0
481 262 -1 0
50 262 -1 0
49 262 -1 0
48 262 -1 0
47 262 -1 0
46 262 -1 0
45 262 -1 0
44 262 -1 0
43 262 -1 0
42 262 -1 0
41 262 -1 0
40 262 -1 0
491 261 -1 0
490 261 -1 0
489 261 -1 0
488 261 -1 0
487 261 -1 0
486 261 -1 0
485 261 -1 0
484 261 -1 0
483 261 -1 0
482 261 -1 0
481 261 -1 0
50 261 -1 0
49 261 -1 0
48 261 -1 0
47 261 -1 0
46 261 -1 0
45 261 -1 0
44 261 -1 0
43 261 -1 0
42 261 -1 0
41 261 -1 0
40 261 -1 0
491 260 -1 0
490 260 -1 0
489 260 -1 0
488 260 -1 0
487 260 -1 0
486 260 -1 0
485 260 -1 0
484 260 -1 0
483 260 -1 0
482 260 -1 0
481 260 -1 0
50 260 -1 0
49 260 -1 0
48 260 -1 0
47 260 -1 0
46 260 -1 0
45 260 -1 0
44 260 -1 0
43 260 -1 0
42 260 -1 0
41 260 -1 0
40 260 -1 0
491 259 -1 0
490 259 -1 0
489 259 -1 0
488 259 -1 0
487 259 -1 0
486 259 -1 0
485 259 -1 0
484 259 -1 0
483 259 -1 0
482 259 -1 0
481 259 -1 0
51 259 -1 0
50 259 -1 0
49 259 -1 0
48 259 -1 0
47 259 -1 0
46 259 -1 0
45 259 -1 0
44 259 -1 0
43 259 -1 0
42 259 -1 0
41 259 -1 0
491 258 -1 0
490 258 -1 0
489 258 -1 0
488 258 -1 0
487 258 -1 0
486 258 -1 0
485 258 -1 0
484 258 -1 0
483 258 -1 0
482 258 -1 0
481 258 -1 0
51 258 -1 0
50 258 -1 0
49 258 -1 0
48 258 -1 0
47 258 -1 0
46 258 -1 0
45 258 -1 0
44 258 -1 0
43 258 -1 0
42 258 -1 0
41 258 -1 0
491 257 -1 0
490 257 -1 0
489 257 -1 0
488 257 -1 0
487 257 -1 0
486 257 -1 0
485 257 -1 0
484 257 -1 0
483 257 -1 0
482 257 -1 0
481 257 -1 0
51 257 -1 0
50 257 -1 0
49 257 -1 0
48 257 -1 0
47 257 -1 0
46 257 -1 0
45 257 -1 0
44 257 -1 0
43 257 -1 0
42 257 -1 0
41 257 -1 0
491 256 -1 0
490 256 -1 0
489 256 -1 0
488 256 -1 0
487 256 -1 0
486 256 -1 0
485 256 -1 0
484 256 -1 0
483 256 -1 0
482 256 -1 0
481 256 -1 0
52 256 -1 0
51 256 -1 0
50 256 -1 0
49 256 -1 0
48 256 -1 0
47 256 -1 0
46 256 -1 0
45 256 -1 0
44 256 -1 0
43 256 -1 0
42 256 -1 0
491 255 -1 0
490 255 -1 0
489 255 -1 0
488 255 -1 0
487 255 -1 0
486 255 -1 0
485 255 -1 0
484 255 -1 0
483 255 -1 0
482 255 -1 0
481 255 -1 0
52 255 -1 0
51 255 -1 0
50 255 -1 0
49 255 -1 0
48 255 -1 0
47 255 -1 0
46 255 -1 0
45 255 -1 0
44 255 -1 0
43 255 -1 0
42 255 -1 0
491 254 -1 0
490 254 -1 0
489 254 -1 0
488 254 -1 0
487 254 -1 0
486 254 -1 0
485 254 -1 0
484 254 -1 0
483 254 -1 0
482 254 -1 0
481 254 -1 0
52 254 -1 0
51 254 -1 0
50 254 -1 0
49 254 -1 0
48 254 -1 0
47 254 -1 0
46 254 -1 0
45 254 -1 0
44 254 -1 0
43 254 -1 0
42 254 -1 0
491 253 -1 0
490 253 -1 0
489 253 -1 0
488 253 -1 0
487 253 -1 0
486 253 -1 0
485 253 -1 0
484 253 -1 0
483 253 -1 0
482 253 -1 0
481 253 -1 0
53 253 -1 0
52 253 -1 0
51 253 -1 0
50 253 -1 0
49 253 -1 0
48 253 -1 0
47 253 -1 0
46 253 -1 0
45 253 -1 0
44 253 -1 0
43 253 -1 0
491 252 -1 0
490 252 -1 0
489 252 -1 0
488 252 -1 0
487 252 -1 0
486 252 -1 0
485 252 -1 0
484 252 -1 0
483 252 -1 0
482 252 -1 0
481 252 -1 0
53 252 -1 0
52 252 -1 0
51 252 -1 0
50 252 -1 0
49 252 -1 0
48 252 -1 0
47 252 -1 0
46 252 -1 0
45 252 -1 0
44 252 -1 0
43 252 -1 0
491 251 -1 0
490 251 -1 0
489 251 -1 0
488 251 -1 0
487 251 -1 0
486 251 -1 0
485 251 -1 0
484 251 -1 0
483 251 -1 0
482 251 -1 0
481 251 -1 0
53 251 -1 0
52 251 -1 0
51 251 -1 0
50 251 -1 0
49 251 -1 0
48 251 -1 0
47 251 -1 0
46 251 -1 0
45 251 -1 0
44 251 -1 0
43 251 -1 0
491 250 -1 0
490 250 -1 0
489 250 -1 0
488 250 -1 0
487 250 -1 0
486 250 -1 0
485 250 -1 0
484 250 -1 0
483 250 -1 0
482 250 -1 0
481 250 -1 0
53 250 -1 0
52 250 -1 0
51 250 -1 0
50 250 -1 0
49 250 -1 0
48 250 -1 0
47 250 -1 0
46 250 -1 0
45 250 -1 0
44 250 -1 0
43 250 -1 0
491 249 -1 0
490 249 -1 0
489 249 -1 0
488 249 -1 0
487 249 -1 0
486 249 -1 0
485 249 -1 0
484 249 -1 0
483 249 -1 0
482 249 -1 0
481 249 -1 0
53 249 -1 0
52 249 -1 0
51 249 -1 0
50 249 -1 0
49 249 -1 0
48 249 -1 0
47 249 -1 0
46 249 -1 0
45 249 -1 0
44 249 -1 0
43 249 -1 0
491 248 -1 0
490 248 -1 0
489 248 -1 0
488 248 -1 0
487 248 -1 0
486 248 -1 0
485 248 -1 0
484 248 -1 0
483 248 -1 0
482 248 -1 0
481 248 -1 0
53 248 -1 0
52 248 -1 0
51 248 -1 0
50 248 -1 0
49 248 -1 0
48 248 -1 0
47 248 -1 0
46 248 -1 0
45 248 -1 0
44 248 -1 0
43 248 -1 0
491 247 -1 0
490 247 -1 0
489 247 -1 0
488 247 -1 0
487 247 -1 0
486 247 -1 0
485 247 -1 0
484 247 -1 0
483 247 -1 0
482 247 -1 0
481 247 -1 0
53 247 -1 0
52 247 -1 0
51 247 -1 0
50 247 -1 0
49 247 -1 0
48 247 -1 0
47 247 -1 0
46 247 -1 0
45 247 -1 0
44 247 -1 0
43 247 -1 0
491 246 -1 0
490 246 -1 0
489 246 -1 0
488 246 -1 0
487 246 -1 0
486 246 -1 0
485 246 -1 0
484 246 -1 0
483 246 -1 0
482 246 -1 0
481 246 -1 0
53 246 -1 0
52 246 -1 0
51 246 -1 0
50 246 -1 0
49 246 -1 0
48 246 -1 0
47 246 -1 0
46 246 -1 0
45 246 -1 0
44 246 -1 0
43 246 -1 0
491 245 -1 0
490 245 -1 0
489 245 -1 0
488 245 -1 0
487 245 -1 0
486 245 -1 0
485 245 -1 0
484 245 -1 0
483 245 -1 0
482 245 -1 0
481 245 -1 0
54 245 -1 0
53 245 -1 0
52 245 -1 0
51 245 -1 0
50 245 -1 0
49 245 -1 0
48 245 -1 0
47 245 -1 0
46 245 -1 0
45 245 -1 0
44 245 -1 0
491 244 -1 0
490 244 -1 0
489 244 -1 0
488 244 -1 0
487 244 -1 0
486 244 -1 0
485 244 -1 0
484 244 -1 0
483 244 -1 0
482 244 -1 0
481 244 -1 0
54 244 -1 0
53 244 -1 0
52 244 -1 0
51 244 -1 0
50 244 -1 0
49 244 -1 0
48 244 -1 0
47 244 -1 0
46 244 -1 0
45 244 -1 0
44 244 -1 0
490 243 -1 0
489 243 -1 0
488 243 -1 0
487 243 -1 0
486 243 -1 0
485 243 -1 0
484 243 -1 0
483 243 -1 0
482 243 -1 0
481 243 -1 0
480 243 -1 0
54 243 -1 0
53 243 -1 0
52 243 -1 0
51 243 -1 0
50 243 -1 0
49 243 -1 0
48 243 -1 0
47 243 -1 0
46 243 -1 0
45 243 -1 0
44 243 -1 0
490 242 -1 0
489 242 -1 0
488 242 -1 0
487 242 -1 0
486 242 -1 0
485 242 -1 0
484 242 -1 0
483 242 -1 0
482 242 -1 0
481 242 -1 0
480 242 -1 0
55 242 -1 0
54 242 -1 0
53 242 -1 0
52 242 -1 0
51 242 -1 0
50 242 -1 0
49 242 -1 0
48 242 -1 0
47 242 -1 0
46 242 -1 0
45 242 -1 0
490 241 -1 0
489 241 -1 0
488 241 -1 0
487 241 -1 0
486 241 -1 0
485 241 -1 0
484 241 -1 0
483 241 -1 0
482 241 -1 0
481 241 -1 0
480 241 -1 0
55 241 -1 0
54 241 -1 0
53 241 -1 0
52 241 -1 0
51 241 -1 0
50 241 -1 0
49 241 -1 0
48 241 -1 0
47 241 -1 0
46 241 -1 0
45 241 -1 0
490 240 -1 0
489 240 -1 0
488 240 -1 0
487 240 -1 0
486 240 -1 0
485 240 -1 0
484 240 -1 0
483 240 -1 0
482 240 -1 0
481 240 -1 0
480 240 -1 0
55 240 -1 0
54 240 -1 0
53 240 -1 0
52 240 -1 0
51 240 -1 0
50 240 -1 0
49 240 -1 0
48 240 -1 0
47 240 -1 0
46 240 -1 0
45 240 -1 0
490 239 -1 0
489 239 -1 0
488 239 -1 0
487 239 -1 0
486 239 -1 0
485 239 -1 0
484 239 -1 0
483 239 -1 0
482 239 -1 0
481 239 -1 0
480 239 -1 0
56 239 -1 0
55 239 -1 0
54 239 -1 0
53 239 -1 0
52 239 -1 0
51 239 -1 0
50 239 -1 0
49 239 -1 0
48 239 -1 0
47 239 -1 0
46 239 -1 0
490 238 -1 0
489 238 -1 0
488 238 -1 0
487 238 -1 0
486 238 -1 0
485 238 -1 0
484 238 -1 0
483 238 -1 0
482 238 -1 0
481 238 -1 0
480 238 -1 0
56 238 -1 0
55 238 -1 0
54 238 -1 0
53 238 -1 0
52 238 -1 0
51 238 -1 0
50 238 -1 0
49 238 -1 0
48 238 -1 0
47 238 -1 0
46 238 -1 0
490 237 -1 0
489 237 -1 0
488 237 -1 0
487 237 -1 0
486 237 -1 0
485 237 -1 0
484 237 -1 0
483 237 -1 0
482 237 -1 0
481 237 -1 0
480 237 -1 0
56 237 -1 0
55 237 -1 0
54 237 -1 0
53 237 -1 0
52 237 -1 0
51 237 -1 0
50 237 -1 0
49 237 -1 0
48 237 -1 0
47 237 -1 0
46 237 -1 0
490 236 -1 0
489 236 -1 0
488 236 -1 0
487 236 -1 0
486 236 -1 0
485 236 -1 0
484 236 -1 0
483 236 -1 0
482 236 -1 0
481 236 -1 0
480 236 -1 0
57 236 -1 0
56 236 -1 0
55 236 -1 0
54 236 -1 0
53 236 -1 0
52 236 -1 0
51 236 -1 0
50 236 -1 0
49 236 -1 0
48 236 -1 0
47 236 -1 0
490 235 -1 0
489 235 -1 0
488 235 -1 0
487 235 -1 0
486 235 -1 0
485 235 -1 0
484 235 -1 0
483 235 -1 0
482 235 -1 0
481 235 -1 0
480 235 -1 0
57 235 -1 0
56 235 -1 0
55 235 -1 0
54 235 -1 0
53 235 -1 0
52 235 -1 0
51 235 -1 0
50 235 -1 0
49 235 -1 0
48 235 -1 0
47 235 -1 0
490 234 -1 0
489 234 -1 0
488 234 -1 0
487 234 -1 0
486 234 -1 0
485 234 -1 0
484 234 -1 0
483 234 -1 0
482 234 -1 0
481 234 -1 0
480 234 -1 0
57 234 -1 0
56 234 -1 0
55 234 -1 0
54 234 -1 0
53 234 -1 0
52 234 -1 0
51 234 -1 0
50 234 -1 0
49 234 -1 0
48 234 -1 0
47 234 -1 0
490 233 -1 0
489 233 -1 0
488 233 -1 0
487 233 -1 0
486 233 -1 0
485 233 -1 0
484 233 -1 0
483 233 -1 0
482 233 -1 0
481 233 -1 0
480 233 -1 0
57 233 -1 0
56 233 -1 0
55 233 -1 0
54 233 -1 0
53 233 -1 0
52 233 -1 0
51 233 -1 0
50 233 -1 0
49 233 -1 0
48 233 -1 0
47 233 -1 0
490 232 -1 0
489 232 -1 0
488 232 -1 0
487 232 -1 0
486 232 -1 0
485 232 -1 0
484 232 -1 0
483 232 -1 0
482 232 -1 0
481 232 -1 0
480 232 -1 0
57 232 -1 0
56 232 -1 0
55 232 -1 0
54 232 -1 0
53 232 -1 0
52 232 -1 0
51 232 -1 0
50 232 -1 0
49 232 -1 0
48 232 -1 0
47 232 -1 0
490 231 -1 0
489 231 -1 0
488 231 -1 0
487 231 -1 0
486 231 -1 0
485 231 -1 0
484 231 -1 0
483 231 -1 0
482 231 -1 0
481 231 -1 0
480 231 -1 0
57 231 -1 0
56 231 -1 0
55 231 -1 0
54 231 -1 0
53 231 -1 0
52 231 -1 0
51 231 -1 0
50 231 -1 0
49 231 -1 0
48 231 -1 0
47 231 -1 0
490 230 -1 0
489 230 -1 0
488 230 -1 0
487 230 -1 0
486 230 -1 0
485 230 -1 0
484 230 -1 0
483 230 -1 0
482 230 -1 0
481 230 -1 0
480 230 -1 0
57 230 -1 0
56 230 -1 0
55 230 -1 0
54 230 -1 0
53 230 -1 0
52 230 -1 0
51 230 -1 0
50 230 -1 0
49 230 -1 0
48 230 -1 0
47 230 -1 0
490 229 -1 0
489 229 -1 0
488 229 -1 0
487 229 -1 0
486 229 -1 0
485 229 -1 0
484 229 -1 0
483 229 -1 0
482 229 -1 0
481 229 -1 0
480 229 -1 0
58 229 -1 0
57 229 -1 0
56 229 -1 0
55 229 -1 0
54 229 -1 0
53 229 -1 0
52 229 -1 0
51 229 -1 0
50 229 -1 0
49 229 -1 0
48 229 -1 0
490 228 -1 0
489 228 -1 0
488 228 -1 0
487 228 -1 0
486 228 -1 0
485 228 -1 0
484 228 -1 0
483 228 -1 0
482 228 -1 0
481 228 -1 0
480 228 -1 0
58 228 -1 0
57 228 -1 0
56 228 -1 0
55 228 -1 0
54 228 -1 0
53 228 -1 0
52 228 -1 0
51 228 -1 0
50 228 -1 0
49 228 -1 0
48 228 -1 0
490 227 -1 0
489 227 -1 0
488 227 -1 0
487 227 -1 0
486 227 -1 0
485 227 -1 0
484 227 -1 0
483 227 -1 0
482 227 -1 0
481 227 -1 0
480 227 -1 0
58 227 -1 0
57 227 -1 0
56 227 -1 0
55 227 -1 0
54 227 -1 0
53 227 -1 0
52 227 -1 0
51 227 -1 0
50 227 -1 0
49 227 -1 0
48 227 -1 0
490 226 -1 0
489 226 -1 0
488 226 -1 0
487 226 -1 0
486 226 -1 0
485 226 -1 0
484 226 -1 0
483 226 -1 0
482 226 -1 0
481 226 -1 0
480 226 -1 0
479 226 -1 0
58 226 -1 0
57 226 -1 0
56 226 -1 0
55 226 -1 0
54 226 -1 0
53 226 -1 0
52 226 -1 0
51 226 -1 0
50 226 -1 0
49 226 -1 0
48 226 -1 0
490 225 -1 0
489 225 -1 0
488 225 -1 0
487 225 -1 0
486 225 -1 0
485 225 -1 0
484 225 -1 0
483 225 -1 0
482 225 -1 0
481 225 -1 0
480 225 -1 0
479 225 -1 0
59 225 -1 0
58 225 -1 0
57 225 -1 0
56 225 -1 0
55 225 -1 0
54 225 -1 0
53 225 -1 0
52 225 -1 0
51 225 -1 0
50 225 -1 0
49 225 -1 0
489 224 -1 0
488 224 -1 0
487 224 -1 0
486 224 -1 0
485 224 -1 0
484 224 -1 0
483 224 -1 0
482 224 -1 0
481 224 -1 0
480 224 -1 0
479 224 -1 0
59 224 -1 0
58 224 -1 0
57 224 -1 0
56 224 -1 0
55 224 -1 0
54 224 -1 0
53 224 -1 0
52 224 -1 0
51 224 -1 0
50 224 -1 0
49 224 -1 0
489 223 -1 0
488 223 -1 0
487 223 -1 0
486 223 -1 0
485 223 -1 0
484 223 -1 0
483 223 -1 0
482 223 -1 0
481 223 -1 0
480 223 -1 0
479 223 -1 0
478 223 -1 0
59 223 -1 0
58 223 -1 0
57 223 -1 0
56 223 -1 0
55 223 -1 0
54 223 -1 0
53 223 -1 0
52 223 -1 0
51 223 -1 0
50 223 -1 0
49 223 -1 0
489 222 -1 0
488 222 -1 0
487 222 -1 0
486 222 -1 0
485 222 -1 0
484 222 -1 0
483 222 -1 0
482 222 -1 0
481 222 -1 0
480 222 -1 0
479 222 -1 0
478 222 -1 0
59 222 -1 0
58 222 -1 0
57 222 -1 0
56 222 -1 0
55 222 -1 0
54 222 -1 0
53 222 -1 0
52 222 -1 0
51 222 -1 0
50 222 -1 0
49 222 -1 0
488 221 -1 0
487 221 -1 0
486 221 -1 0
485 221 -1 0
484 221 -1 0
483 221 -1 0
482 221 -1 0
481 221 -1 0
480 221 -1 0
479 221 -1 0
478 221 -1 0
59 221 -1 0
58 221 -1 0
57 221 -1 0
56 221 -1 0
55 221 -1 0
54 221 -1 0
53 221 -1 0
52 221 -1 0
51 221 -1 0
50 221 -1 0
49 221 -1 0
488 220 -1 0
487 220 -1 0
486 220 -1 0
485 220 -1 0
484 220 -1 0
483 220 -1 0
482 220 -1 0
481 220 -1 0
480 220 -1 0
479 220 -1 0
478 220 -1 0
59 220 -1 0
58 220 -1 0
57 220 -1 0
56 220 -1 0
55 220 -1 0
54 220 -1 0
53 220 -1 0
52 220 -1 0
51 220 -1 0
50 220 -1 0
49 220 -1 0
488 219 -1 0
487 219 -1 0
486 219 -1 0
485 219 -1 0
484 219 -1 0
483 219 -1 0
482 219 -1 0
481 219 -1 0
480 219 -1 0
479 219 -1 0
478 219 -1 0
60 219 -1 0
59 219 -1 0
58 219 -1 0
57 219 -1 0
56 219 -1 0
55 219 -1 0
54 219 -1 0
53 219 -1 0
52 219 -1 0
51 219 -1 0
50 219 -1 0
488 218 -1 0
487 218 -1 0
486 218 -1 0
485 218 -1 0
484 218 -1 0
483 218 -1 0
482 218 -1 0
481 218 -1 0
480 218 -1 0
479 218 -1 0
478 218 -1 0
60 218 -1 0
59 218 -1 0
58 218 -1 0
57 218 -1 0
56 218 -1 0
55 218 -1 0
54 218 -1 0
53 218 -1 0
52 218 -1 0
51 218 -1 0
50 218 -1 0
488 217 -1 0
487 217 -1 0
486 217 -1 0
485 217 -1 0
484 217 -1 0
483 217 -1 0
482 217 -1 0
481 217 -1 0
480 217 -1 0
479 217 -1 0
478 217 -1 0
60 217 -1 0
59 217 -1 0
58 217 -1 0
57 217 -1 0
56 217 -1 0
55 217 -1 0
54 217 -1 0
53 217 -1 0
52 217 -1 0
51 217 -1 0
50 217 -1 0
488 216 -1 0
487 216 -1 0
486 216 -1 0
485 216 -1 0
484 216 -1 0
483 216 -1 0
482 216 -1 0
481 216 -1 0
480 216 -1 0
479 216 -1 0
478 216 -1 0
60 216 -1 0
59 216 -1 0
58 216 -1 0
57 216 -1 0
56 216 -1 0
55 216 -1 0
54 216 -1 0
53 216 -1 0
52 216 -1 0
51 216 -1 0
50 216 -1 0
488 215 -1 0
487 215 -1 0
486 215 -1 0
485 215 -1 0
484 215 -1 0
483 215 -1 0
482 215 -1 0
481 215 -1 0
480 215 -1 0
479 215 -1 0
478 215 -1 0
60 215 -1 0
59 215 -1 0
58 215 -1 0
57 215 -1 0
56 215 -1 0
55 215 -1 0
54 215 -1 0
53 215 -1 0
52 215 -1 0
51 215 -1 0
50 215 -1 0
488 214 -1 0
487 214 -1 0
486 214 -1 0
485 214 -1 0
484 214 -1 0
483 214 -1 0
482 214 -1 0
481 214 -1 0
480 214 -1 0
479 214 -1 0
478 214 -1 0
60 214 -1 0
59 214 -1 0
58 214 -1 0
57 214 -1 0
56 214 -1 0
55 214 -1 0
54 214 -1 0
53 214 -1 0
52 214 -1 0
51 214 -1 0
50 214 -1 0
487 213 -1 0
486 213 -1 0
485 213 -1 0
484 213 -1 0
483 213 -1 0
482 213 -1 0
481 213 -1 0
480 213 -1 0
479 213 -1 0
478 213 -1 0
477 213 -1 0
60 213 -1 0
59 213 -1 0
58 213 -1 0
57 213 -1 0
56 213 -1 0
55 213 -1 0
54 213 -1 0
53 213 -1 0
52 213 -1 0
51 213 -1 0
50 213 -1 0
487 212 -1 0
486 212 -1 0
485 212 -1 0
484 212 -1 0
483 212 -1 0
482 212 -1 0
481 212 -1 0
480 212 -1 0
479 212 -1 0
478 212 -1 0
477 212 -1 0
61 212 -1 0
60 212 -1 0
59 212 -1 0
58 212 -1 0
57 212 -1 0
56 212 -1 0
55 212 -1 0
54 212 -1 0
53 212 -1 0
52 212 -1 0
51 212 -1 0
487 211 -1 0
486 211 -1 0
485 211 -1 0
484 211 -1 0
483 211 -1 0
482 211 -1 0
481 211 -1 0
480 211 -1 0
479 211 -1 0
478 211 -1 0
477 211 -1 0
61 211 -1 0
60 211 -1 0
59 211 -1 0
58 211 -1 0
57 211 -1 0
56 211 -1 0
55 211 -1 0
54 211 -1 0
53 211 -1 0
52 211 -1 0
51 211 -1 0
487 210 -1 0
486 210 -1 0
485 210 -1 0
484 210 -1 0
483 210 -1 0
482 210 -1 0
481 210 -1 0
480 210 -1 0
479 210 -1 0
478 210 -1 0
477 210 -1 0
61 210 -1 0
60 210 -1 0
59 210 -1 0
58 210 -1 0
57 210 -1 0
56 210 -1 0
55 210 -1 0
54 210 -1 0
53 210 -1 0
52 210 -1 0
51 210 -1 0
487 209 -1 0
486 209 -1 0
485 209 -1 0
484 209 -1 0
483 209 -1 0
482 209 -1 0
481 209 -1 0
480 209 -1 0
479 209 -1 0
478 209 -1 0
477 209 -1 0
61 209 -1 0
60 209 -1 0
59 209 -1 0
58 209 -1 0
57 209 -1 0
56 209 -1 0
55 209 -1 0
54 209 -1 0
53 209 -1 0
52 209 -1 0
51 209 -1 0
486 208 -1 0
485 208 -1 0
484 208 -1 0
483 208 -1 0
482 208 -1 0
481 208 -1 0
480 208 -1 0
479 208 -1 0
478 208 -1 0
477 208 -1 0
476 208 -1 0
62 208 -1 0
61 208 -1 0
60 208 -1 0
59 208 -1 0
58 208 -1 0
57 208 -1 0
56 208 -1 0
55 208 -1 0
54 208 -1 0
53 208 -1 0
52 208 -1 0
486 207 -1 0
485 207 -1 0
484 207 -1 0
483 207 -1 0
482 207 -1 0
481 207 -1 0
480 207 -1 0
479 207 -1 0
478 207 -1 0
477 207 -1 0
476 207 -1 0
62 207 -1 0
61 207 -1 0
60 207 -1 0
59 207 -1 0
58 207 -1 0
57 207 -1 0
56 207 -1 0
55 207 -1 0
54 207 -1 0
53 207 -1 0
52 207 -1 0
486 206 -1 0
485 206 -1 0
484 206 -1 0
483 206 -1 0
482 206 -1 0
481 206 -1 0
480 206 -1 0
479 206 -1 0
478 206 -1 0
477 206 -1 0
476 206 -1 0
62 206 -1 0
61 206 -1 0
60 206 -1 0
59 206 -1 0
58 206 -1 0
57 206 -1 0
56 206 -1 0
55 206 -1 0
54 206 -1 0
53 206 -1 0
52 206 -1 0
486 205 -1 0
485 205 -1 0
484 205 -1 0
483 205 -1 0
482 205 -1 0
481 205 -1 0
480 205 -1 0
479 205 -1 0
478 205 -1 0
477 205 -1 0
476 205 -1 0
63 205 -1 0
62 205 -1 0
61 205 -1 0
60 205 -1 0
59 205 -1 0
58 205 -1 0
57 205 -1 0
56 205 -1 0
55 205 -1 0
54 205 -1 0
53 205 -1 0
486 204 -1 0
485 204 -1 0
484 204 -1 0
483 204 -1 0
482 204 -1 0
481 204 -1 0
480 204 -1 0
479 204 -1 0
478 204 -1 0
477 204 -1 0
476 204 -1 0
63 204 -1 0
62 204 -1 0
61 204 -1 0
60 204 -1 0
59 204 -1 0
58 204 -1 0
57 204 -1 0
56 204 -1 0
55 204 -1 0
54 204 -1 0
53 204 -1 0
486 203 -1 0
485 203 -1 0
484 203 -1 0
483 203 -1 0
482 203 -1 0
481 203 -1 0
480 203 -1 0
479 203 -1 0
478 203 -1 0
477 203 -1 0
476 203 -1 0
63 203 -1 0
62 203 -1 0
61 203 -1 0
60 203 -1 0
59 203 -1 0
58 203 -1 0
57 203 -1 0
56 203 -1 0
55 203 -1 0
54 203 -1 0
53 203 -1 0
486 202 -1 0
485 202 -1 0
484 202 -1 0
483 202 -1 0
482 202 -1 0
481 202 -1 0
480 202 -1 0
479 202 -1 0
478 202 -1 0
477 202 -1 0
476 202 -1 0
63 202 -1 0
62 202 -1 0
61 202 -1 0
60 202 -1 0
59 202 -1 0
58 202 -1 0
57 202 -1 0
56 202 -1 0
55 202 -1 0
54 202 -1 0
53 202 -1 0
486 201 -1 0
485 201 -1 0
484 201 -1 0
483 201 -1 0
482 201 -1 0
481 201 -1 0
480 201 -1 0
479 201 -1 0
478 201 -1 0
477 201 -1 0
476 201 -1 0
63 201 -1 0
62 201 -1 0
61 201 -1 0
60 201 -1 0
59 201 -1 0
58 201 -1 0
57 201 -1 0
56 201 -1 0
55 201 -1 0
54 201 -1 0
53 201 -1 0
486 200 -1 0
485 200 -1 0
484 200 -1 0
483 200 -1 0
482 200 -1 0
481 200 -1 0
480 200 -1 0
479 200 -1 0
478 200 -1 0
477 200 -1 0
476 200 -1 0
63 200 -1 0
62 200 -1 0
61 200 -1 0
60 200 -1 0
59 200 -1 0
58 200 -1 0
57 200 -1 0
56 200 -1 0
55 200 -1 0
54 200 -1 0
53 200 -1 0
486 199 -1 0
485 199 -1 0
484 199 -1 0
483 199 -1 0
482 199 -1 0
481 199 -1 0
480 199 -1 0
479 199 -1 0
478 199 -1 0
477 199 -1 0
476 199 -1 0
64 199 -1 0
63 199 -1 0
62 199 -1 0
61 199 -1 0
60 199 -1 0
59 199 -1 0
58 199 -1 0
57 199 -1 0
56 199 -1 0
55 199 -1 0
54 199 -1 0
486 198 -1 0
485 198 -1 0
484 198 -1 0
483 198 -1 0
482 198 -1 0
481 198 -1 0
480 198 -1 0
479 198 -1 0
478 198 -1 0
477 198 -1 0
476 198 -1 0
64 198 -1 0
63 198 -1 0
62 198 -1 0
61 198 -1 0
60 198 -1 0
59 198 -1 0
58 198 -1 0
57 198 -1 0
56 198 -1 0
55 198 -1 0
54 198 -1 0
486 197 -1 0
485 197 -1 0
484 197 -1 0
483 197 -1 0
482 197 -1 0
481 197 -1 0
480 197 -1 0
479 197 -1 0
478 197 -1 0
477 197 -1 0
476 197 -1 0
64 197 -1 0
63 197 -1 0
62 197 -1 0
61 197 -1 0
60 197 -1 0
59 197 -1 0
58 197 -1 0
57 197 -1 0
56 197 -1 0
55 197 -1 0
54 197 -1 0
486 196 -1 0
485 196 -1 0
484 196 -1 0
483 196 -1 0
482 196 -1 0
481 196 -1 0
480 196 -1 0
479 196 -1 0
478 196 -1 0
477 196 -1 0
476 196 -1 0
64 196 -1 0
63 196 -1 0
62 196 -1 0
61 196 -1 0
60 196 -1 0
59 196 -1 0
58 196 -1 0
57 196 -1 0
56 196 -1 0
55 196 -1 0
54 196 -1 0
486 195 -1 0
485 195 -1 0
484 195 -1 0
483 195 -1 0
482 195 -1 0
481 195 -1 0
480 195 -1 0
479 195 -1 0
478 195 -1 0
477 195 -1 0
476 195 -1 0
64 195 -1 0
63 195 -1 0
62 195 -1 0
61 195 -1 0
60 195 -1 0
59 195 -1 0
58 195 -1 0
57 195 -1 0
56 195 -1 0
55 195 -1 0
54 195 -1 0
486 194 -1 0
485 194 -1 0
484 194 -1 0
483 194 -1 0
482 194 -1 0
481 194 -1 0
480 194 -1 0
479 194 -1 0
478 194 -1 0
477 194 -1 0
476 194 -1 0
64 194 -1 0
63 194 -1 0
62 194 -1 0
61 194 -1 0
60 194 -1 0
59 194 -1 0
58 194 -1 0
57 194 -1 0
56 194 -1 0
55 194 -1 0
54 194 -1 0
486 193 -1 0
485 193 -1 0
484 193 -1 0
483 193 -1 0
482 193 -1 0
481 193 -1 0
480 193 -1 0
479 193 -1 0
478 193 -1 0
477 193 -1 0
476 193 -1 0
64 193 -1 0
63 193 -1 0
62 193 -1 0
61 193 -1 0
60 193 -1 0
59 193 -1 0
58 193 -1 0
57 193 -1 0
56 193 -1 0
55 193 -1 0
54 193 -1 0
486 192 -1 0
485 192 -1 0
484 192 -1 0
483 192 -1 0
482 192 -1 0
481 192 -1 0
480 192 -1 0
479 192 -1 0
478 192 -1 0
477 192 -1 0
476 192 -1 0
64 192 -1 0
63 192 -1 0
62 192 -1 0
61 192 -1 0
60 192 -1 0
59 192 -1 0
58 192 -1 0
57 192 -1 0
56 192 -1 0
55 192 -1 0
54 192 -1 0
486 191 -1 0
485 191 -1 0
484 191 -1 0
483 191 -1 0
482 191 -1 0
481 191 -1 0
480 191 -1 0
479 191 -1 0
478 191 -1 0
477 191 -1 0
476 191 -1 0
64 191 -1 0
63 191 -1 0
62 191 -1 0
61 191 -1 0
60 191 -1 0
59 191 -1 0
58 191 -1 0
57 191 -1 0
56 191 -1 0
55 191 -1 0
54 191 -1 0
485 190 -1 0
484 190 -1 0
483 190 -1 0
482 190 -1 0
481 190 -1 0
480 190 -1 0
479 190 -1 0
478 190 -1 0
477 190 -1 0
476 190 -1 0
475 190 -1 0
64 190 -1 0
63 190 -1 0
62 190 -1 0
61 190 -1 0
60 190 -1 0
59 190 -1 0
58 190 -1 0
57 190 -1 0
56 190 -1 0
55 190 -1 0
54 190 -1 0
485 189 -1 0
484 189 -1 0
483 189 -1 0
482 189 -1 0
481 189 -1 0
480 189 -1 0
479 189 -1 0
478 189 -1 0
477 189 -1 0
476 189 -1 0
475 189 -1 0
64 189 -1 0
63 189 -1 0
62 189 -1 0
61 189 -1 0
60 189 -1 0
59 189 -1 0
58 189 -1 0
57 189 -1 0
56 189 -1 0
55 189 -1 0
54 189 -1 0
485 188 -1 0
484 188 -1 0
483 188 -1 0
482 188 -1 0
481 188 -1 0
480 188 -1 0
479 188 -1 0
478 188 -1 0
477 188 -1 0
476 188 -1 0
475 188 -1 0
64 188 -1 0
63 188 -1 0
62 188 -1 0
61 188 -1 0
60 188 -1 0
59 188 -1 0
58 188 -1 0
57 188 -1 0
56 188 -1 0
55 188 -1 0
54 188 -1 0
485 187 -1 0
484 187 -1 0
483 187 -1 0
482 187 -1 0
481 187 -1 0
480 187 -1 0
479 187 -1 0
478 187 -1 0
477 187 -1 0
476 187 -1 0
475 187 -1 0
64 187 -1 0
63 187 -1 0
62 187 -1 0
61 187 -1 0
60 187 -1 0
59 187 -1 0
58 187 -1 0
57 187 -1 0
56 187 -1 0
55 187 -1 0
54 187 -1 0
485 186 -1 0
484 186 -1 0
483 186 -1 0
482 186 -1 0
481 186 -1 0
480 186 -1 0
479 186 -1 0
478 186 -1 0
477 186 -1 0
476 186 -1 0
475 186 -1 0
64 186 -1 0
63 186 -1 0
62 186 -1 0
61 186 -1 0
60 186 -1 0
59 186 -1 0
58 186 -1 0
57 186 -1 0
56 186 -1 0
55 186 -1 0
54 186 -1 0
485 185 -1 0
484 185 -1 0
483 185 -1 0
482 185 -1 0
481 185 -1 0
480 185 -1 0
479 185 -1 0
478 185 -1 0
477 185 -1 0
476 185 -1 0
475 185 -1 0
262 185 -1 1
64 185 -1 0
63 185 -1 0
62 185 -1 0
61 185 -1 0
60 185 -1 0
59 185 -1 0
58 185 -1 0
57 185 -1 0
56 185 -1 0
55 185 -1 0
54 185 -1 0
485 184 -1 0
484 184 -1 0
483 184 -1 0
482 184 -1 0
481 184 -1 0
480 184 -1 0
479 184 -1 0
478 184 -1 0
477 184 -1 0
476 184 -1 0
475 184 -1 0
265 184 -1 1
264 184 -1 1
263 184 -1 1
262 184 -1 1
261 184 -1 1
260 184 -1 1
259 184 -1 1
64 184 -1 0
63 184 -1 0
62 184 -1 0
61 184 -1 0
60 184 -1 0
59 184 -1 0
58 184 -1 0
57 184 -1 0
56 184 -1 0
55 184 -1 0
54 184 -1 0
485 183 -1 0
484 183 -1 0
483 183 -1 0
482 183 -1 0
481 183 -1 0
480 183 -1 0
479 183 -1 0
478 183 -1 0
477 183 -1 0
476 183 -1 0
475 183 -1 0
266 183 -1 1
265 183 -1 1
264 183 -1 1
263 183 -1 1
262 183 -1 1
261 183 -1 1
260 183 -1 1
259 183 -1 1
258 183 -1 1
64 183 -1 0
63 183 -1 0
62 183 -1 0
61 183 -1 0
60 183 -1 0
59 183 -1 0
58 183 -1 0
57 183 -1 0
56 183 -1 0
55 183 -1 0
54 183 -1 0
485 182 -1 0
484 182 -1 0
483 182 -1 0
482 182 -1 0
481 182 -1 0
480 182 -1 0
479 182 -1 0
478 182 -1 0
477 182 -1 0
476 182 -1 0
475 182 -1 0
266 182 -1 1
265 182 -1 1
264 182 -1 1
263 182 -1 1
262 182 -1 1
261 182 -1 1
260 182 -1 1
259 182 -1 1
258 182 -1 1
64 182 -1 0
63 182 -1 0
62 182 -1 0
61 182 -1 0
60 182 -1 0
59 182 -1 0
58 182 -1 0
57 182 -1 0
56 182 -1 0
55 182 -1 0
54 182 -1 0
484 181 -1 0
483 181 -1 0
482 181 -1 0
481 181 -1 0
480 181 -1 0
479 181 -1 0
478 181 -1 0
477 181 -1 0
476 181 -1 0
475 181 -1 0
474 181 -1 0
266 181 -1 1
265 181 -1 1
264 181 -1 1
263 181 -1 1
262 181 -1 1
261 181 -1 1
260 181 -1 1
259 181 -1 1
258 181 -1 1
64 181 -1 0
63 181 -1 0
62 181 -1 0
61 181 -1 0
60 181 -1 0
59 181 -1 0
58 181 -1 0
57 181 -1 0
56 181 -1 0
55 181 -1 0
54 181 -1 0
484 180 -1 0
483 180 -1 0
482 180 -1 0
481 180 -1 0
480 180 -1 0
479 180 -1 0
478 180 -1 0
477 180 -1 0
476 180 -1 0
475 180 -1 0
474 180 -1 0
267 180 -1 1
266 180 -1 1
265 180 -1 1
264 180 -1 1
263 180 -1 1
262 180 -1 1
261 180 -1 1
260 180 -1 1
259 180 -1 1
258 180 -1 1
257 180 -1 1
65 180 -1 0
64 180 -1 0
63 180 -1 0
62 180 -1 0
61 180 -1 0
60 180 -1 0
59 180 -1 0
58 180 -1 0
57 180 -1 0
56 180 -1 0
55 180 -1 0
484 179 -1 0
483 179 -1 0
482 179 -1 0
481 179 -1 0
480 179 -1 0
479 179 -1 0
478 179 -1 0
477 179 -1 0
476 179 -1 0
475 179 -1 0
474 179 -1 0
267 179 -1 1
266 179 -1 1
265 179 -1 1
264 179 -1 1
263 179 -1 1
262 179 -1 1
261 179 -1 1
260 179 -1 1
259 179 -1 1
258 179 -1 1
257 179 -1 1
65 179 -1 0
64 179 -1 0
63 179 -1 0
62 179 -1 0
61 179 -1 0
60 179 -1 0
59 179 -1 0
58 179 -1 0
57 179 -1 0
56 179 -1 0
55 179 -1 0
484 178 -1 0
483 178 -1 0
482 178 -1 0
481 178 -1 0
480 178 -1 0
479 178 -1 0
478 178 -1 0
477 178 -1 0
476 178 -1 0
475 178 -1 0
474 178 -1 0
267 178 -1 1
266 178 -1 1
265 178 -1 1
264 178 -1 1
263 178 -1 1
262 178 -1 1
261 178 -1 1
260 178 -1 1
259 178 -1 1
258 178 -1 1
257 178 -1 1
65 178 -1 0
64 178 -1 0
63 178 -1 0
62 178 -1 0
61 178 -1 0
60 178 -1 0
59 178 -1 0
58 178 -1 0
57 178 -1 0
56 178 -1 0
55 178 -1 0
484 177 -1 0
483 177 -1 0
482 177 -1 0
481 177 -1 0
480 177 -1 0
479 177 -1 0
478 177 -1 0
477 177 -1 0
476 177 -1 0
475 177 -1 0
474 177 -1 0
266 177 -1 1
265 177 -1 1
264 177 -1 1
263 177 -1 1
262 177 -1 1
261 177 -1 1
260 177 -1 1
259 177 -1 1
258 177 -1 1
257 177 -1 1
256 177 -1 1
65 177 -1 0
64 177 -1 0
63 177 -1 0
62 177 -1 0
61 177 -1 0
60 177 -1 0
59 177 -1 0
58 177 -1 0
57 177 -1 0
56 177 -1 0
55 177 -1 0
484 176 -1 0
483 176 -1 0
482 176 -1 0
481 176 -1 0
480 176 -1 0
479 176 -1 0
478 176 -1 0
477 176 -1 0
476 176 -1 0
475 176 -1 0
474 176 -1 0
266 176 -1 1
265 176 -1 1
264 176 -1 1
263 176 -1 1
262 176 -1 1
261 176 -1 1
260 176 -1 1
259 176 -1 1
258 176 -1 1
257 176 -1 1
256 176 -1 1
255 176 -1 1
65 176 -1 0
64 176 -1 0
63 176 -1 0
62 176 -1 0
61 176 -1 0
60 176 -1 0
59 176 -1 0
58 176 -1 0
57 176 -1 0
56 176 -1 0
55 176 -1 0
484 175 -1 0
483 175 -1 0
482 175 -1 0
481 175 -1 0
480 175 -1 0
479 175 -1 0
478 175 -1 0
477 175 -1 0
476 175 -1 0
475 175 -1 0
474 175 -1 0
266 175 -1 1
265 175 -1 1
264 175 -1 1
263 175 -1 1
262 175 -1 1
261 175 -1 1
260 175 -1 1
259 175 -1 1
258 175 -1 1
257 175 -1 1
256 175 -1 1
255 175 -1 1
65 175 -1 0
64 175 -1 0
63 175 -1 0
62 175 -1 0
61 175 -1 0
60 175 -1 0
59 175 -1 0
58 175 -1 0
57 175 -1 0
56 175 -1 0
55 175 -1 0
484 174 -1 0
483 174 -1 0
482 174 -1 0
481 174 -1 0
480 174 -1 0
479 174 -1 0
478 174 -1 0
477 174 -1 0
476 174 -1 0
475 174 -1 0
474 174 -1 0
265 174 -1 1
264 174 -1 1
263 174 -1 1
262 174 -1 1
261 174 -1 1
260 174 -1 1
259 174 -1 1
258 174 -1 1
257 174 -1 1
256 174 -1 1
255 174 -1 1
65 174 -1 0
64 174 -1 0
63 174 -1 0
62 174 -1 0
61 174 -1 0
60 174 -1 0
59 174 -1 0
58 174 -1 0
57 174 -1 0
56 174 -1 0
55 174 -1 0
484 173 -1 0
483 173 -1 0
482 173 -1 0
481 173 -1 0
480 173 -1 0
479 173 -1 0
478 173 -1 0
477 173 -1 0
476 173 -1 0
475 173 -1 0
474 173 -1 0
265 173 -1 1
264 173 -1 1
263 173 -1 1
262 173 -1 1
261 173 -1 1
260 173 -1 1
259 173 -1 1
258 173 -1 1
257 173 -1 1
256 173 -1 1
255 173 -1 1
254 173 -1 1
65 173 -1 0
64 173 -1 0
63 173 -1 0
62 173 -1 0
61 173 -1 0
60 173 -1 0
59 173 -1 0
58 173 -1 0
57 173 -1 0
56 173 -1 0
55 173 -1 0
484 172 -1 0
483 172 -1 0
482 172 -1 0
481 172 -1 0
480 172 -1 0
479 172 -1 0
478 172 -1 0
477 172 -1 0
476 172 -1 0
475 172 -1 0
474 172 -1 0
265 172 -1 1
264 172 -1 1
263 172 -1 1
262 172 -1 1
261 172 -1 1
260 172 -1 1
259 172 -1 1
258 172 -1 1
257 172 -1 1
256 172 -1 1
255 172 -1 1
254 172 -1 1
65 172 -1 0
64 172 -1 0
63 172 -1 0
62 172 -1 0
61 172 -1 0
60 172 -1 0
59 172 -1 0
58 172 -1 0
57 172 -1 0
56 172 -1 0
55 172 -1 0
484 171 -1 0
483 171 -1 0
482 171 -1 0
481 171 -1 0
480 171 -1 0
479 171 -1 0
478 171 -1 0
477 171 -1 0
476 171 -1 0
475 171 -1 0
474 171 -1 0
264 171 -1 1
263 171 -1 1
262 171 -1 1
261 171 -1 1
260 171 -1 1
259 171 -1 1
258 171 -1 1
257 171 -1 1
256 171 -1 1
255 171 -1 1
254 171 -1 1
65 171 -1 0
64 171 -1 0
63 171 -1 0
62 171 -1 0
61 171 -1 0
60 171 -1 0
59 171 -1 0
58 171 -1 0
57 171 -1 0
56 171 -1 0
55 171 -1 0
484 170 -1 0
483 170 -1 0
482 170 -1 0
481 170 -1 0
480 170 -1 0
479 170 -1 0
478 170 -1 0
477 170 -1 0
476 170 -1 0
475 170 -1 0
474 170 -1 0
264 170 -1 1
263 170 -1 1
262 170 -1 1
261 170 -1 1
260 170 -1 1
259 170 -1 1
258 170 -1 1
257 170 -1 1
256 170 -1 1
255 170 -1 1
254 170 -1 1
253 170 -1 1
65 170 -1 0
64 170 -1 0
63 170 -1 0
62 170 -1 0
61 170 -1 0
60 170 -1 0
59 170 -1 0
58 170 -1 0
57 170 -1 0
56 170 -1 0
55 170 -1 0
484 169 -1 0
483 169 -1 0
482 169 -1 0
481 169 -1 0
480 169 -1 0
479 169 -1 0
478 169 -1 0
477 169 -1 0
476 169 -1 0
475 169 -1 0
474 169 -1 0
263 169 -1 1
262 169 -1 1
261 169 -1 1
260 169 -1 1
259 169 -1 1
258 169 -1 1
257 169 -1 1
256 169 -1 1
255 169 -1 1
254 169 -1 1
253 169 -1 1
65 169 -1 0
64 169 -1 0
63 169 -1 0
62 169 -1 0
61 169 -1 0
60 169 -1 0
59 169 -1 0
58 169 -1 0
57 169 -1 0
56 169 -1 0
55 169 -1 0
484 168 -1 0
483 168 -1 0
482 168 -1 0
481 168 -1 0
480 168 -1 0
479 168 -1 0
478 168 -1 0
477 168 -1 0
476 168 -1 0
475 168 -1 0
474 168 -1 0
263 168 -1 1
262 168 -1 1
261 168 -1 1
260 168 -1 1
259 168 -1 1
258 168 -1 1
257 168 -1 1
256 168 -1 1
255 168 -1 1
254 168 -1 1
253 168 -1 1
66 168 -1 0
65 168 -1 0
64 168 -1 0
63 168 -1 0
62 168 -1 0
61 168 -1 0
60 168 -1 0
59 168 -1 0
58 168 -1 0
57 168 -1 0
56 168 -1 0
484 167 -1 0
483 167 -1 0
482 167 -1 0
481 167 -1 0
480 167 -1 0
479 167 -1 0
478 167 -1 0
477 167 -1 0
476 167 -1 0
475 167 -1 0
474 167 -1 0
263 167 -1 1
262 167 -1 1
261 167 -1 1
260 167 -1 1
259 167 -1 1
258 167 -1 1
257 167 -1 1
256 167 -1 1
255 167 -1 1
254 167 -1 1
253 167 -1 1
252 167 -1 1
66 167 -1 0
65 167 -1 0
64 167 -1 0
63 167 -1 0
62 167 -1 0
61 167 -1 0
60 167 -1 0
59 167 -1 0
58 167 -1 0
57 167 -1 0
56 167 -1 0
484 166 -1 0
483 166 -1 0
482 166 -1 0
481 166 -1 0
480 166 -1 0
479 166 -1 0
478 166 -1 0
477 166 -1 0
476 166 -1 0
475 166 -1 0
474 166 -1 0
262 166 -1 1
261 166 -1 1
260 166 -1 1
259 166 -1 1
258 166 -1 1
257 166 -1 1
256 166 -1 1
255 166 -1 1
254 166 -1 1
253 166 -1 1
252 166 -1 1
66 166 -1 0
65 166 -1 0
64 166 -1 0
63 166 -1 0
62 166 -1 0
61 166 -1 0
60 166 -1 0
59 166 -1 0
58 166 -1 0
57 166 -1 0
56 166 -1 0
484 165 -1 0
483 165 -1 0
482 165 -1 0
481 165 -1 0
480 165 -1 0
479 165 -1 0
478 165 -1 0
477 165 -1 0
476 165 -1 0
475 165 -1 0
474 165 -1 0
262 165 -1 1
261 165 -1 1
260 165 -1 1
259 165 -1 1
258 165 -1 1
257 165 -1 1
256 165 -1 1
255 165 -1 1
254 165 -1 1
253 165 -1 1
252 165 -1 1
251 165 -1 1
66 165 -1 0
65 165 -1 0
64 165 -1 0
63 165 -1 0
62 165 -1 0
61 165 -1 0
60 165 -1 0
59 165 -1 0
58 165 -1 0
57 165 -1 0
56 165 -1 0
484 164 -1 0
483 164 -1 0
482 164 -1 0
481 164 -1 0
480 164 -1 0
479 164 -1 0
478 164 -1 0
477 164 -1 0
476 164 -1 0
475 164 -1 0
474 164 -1 0
262 164 -1 1
261 164 -1 1
260 164 -1 1
259 164 -1 1
258 164 -1 1
257 164 -1 1
256 164 -1 1
255 164 -1 1
254 164 -1 1
253 164 -1 1
252 164 -1 1
251 164 -1 1
250 164 -1 1
66 164 -1 0
65 164 -1 0
64 164 -1 0
63 164 -1 0
62 164 -1 0
61 164 -1 0
60 164 -1 0
59 164 -1 0
58 164 -1 0
57 164 -1 0
56 164 -1 0
484 163 -1 0
483 163 -1 0
482 163 -1 0
481 163 -1 0
480 163 -1 0
479 163 -1 0
478 163 -1 0
477 163 -1 0
476 163 -1 0
475 163 -1 0
474 163 -1 0
261 163 -1 1
260 163 -1 1
259 163 -1 1
258 163 -1 1
257 163 -1 1
256 163 -1 1
255 163 -1 1
254 163 -1 1
253 163 -1 1
252 163 -1 1
251 163 -1 1
250 163 -1 1
66 163 -1 0
65 163 -1 0
64 163 -1 0
63 163 -1 0
62 163 -1 0
61 163 -1 0
60 163 -1 0
59 163 -1 0
58 163 -1 0
57 163 -1 0
56 163 -1 0
484 162 -1 0
483 162 -1 0
482 162 -1 0
481 162 -1 0
480 162 -1 0
479 162 -1 0
478 162 -1 0
477 162 -1 0
476 162 -1 0
475 162 -1 0
474 162 -1 0
261 162 -1 1
260 162 -1 1
259 162 -1 1
258 162 -1 1
257 162 -1 1
256 162 -1 1
255 162 -1 1
254 162 -1 1
253 162 -1 1
252 162 -1 1
251 162 -1 1
250 162 -1 1
66 162 -1 0
65 162 -1 0
64 162 -1 0
63 162 -1 0
62 162 -1 0
61 162 -1 0
60 162 -1 0
59 162 -1 0
58 162 -1 0
57 162 -1 0
56 162 -1 0
484 161 -1 0
483 161 -1 0
482 161 -1 0
481 161 -1 0
480 161 -1 0
479 161 -1 0
478 161 -1 0
477 161 -1 0
476 161 -1 0
475 161 -1 0
474 161 -1 0
260 161 -1 1
259 161 -1 1
258 161 -1 1
257 161 -1 1
256 161 -1 1
255 161 -1 1
254 161 -1 1
253 161 -1 1
252 161 -1 1
251 161 -1 1
250 161 -1 1
249 161 -1 1
67 161 -1 0
66 161 -1 0
65 161 -1 0
64 161 -1 0
63 161 -1 0
62 161 -1 0
61 161 -1 0
60 161 -1 0
59 161 -1 0
58 161 -1 0
57 161 -1 0
484 160 -1 0
483 160 -1 0
482 160 -1 0
481 160 -1 0
480 160 -1 0
479 160 -1 0
478 160 -1 0
477 160 -1 0
476 160 -1 0
475 160 -1 0
474 160 -1 0
260 160 -1 1
259 160 -1 1
258 160 -1 1
257 160 -1 1
256 160 -1 1
255 160 -1 1
254 160 -1 1
253 160 -1 1
252 160 -1 1
251 160 -1 1
250 160 -1 1
249 160 -1 1
67 160 -1 0
66 160 -1 0
65 160 -1 0
64 160 -1 0
63 160 -1 0
62 160 -1 0
61 160 -1 0
60 160 -1 0
59 160 -1 0
58 160 -1 0
57 160 -1 0
484 159 -1 0
483 159 -1 0
482 159 -1 0
481 159 -1 0
480 159 -1 0
479 159 -1 0
478 159 -1 0
477 159 -1 0
476 159 -1 0
475 159 -1 0
474 159 -1 0
259 159 -1 1
258 159 -1 1
257 159 -1 1
256 159 -1 1
255 159 -1 1
254 159 -1 1
253 159 -1 1
252 159 -1 1
251 159 -1 1
250 159 -1 1
249 159 -1 1
248 159 -1 1
67 159 -1 0
66 159 -1 0
65 159 -1 0
64 159 -1 0
63 159 -1 0
62 159 -1 0
61 159 -1 0
60 159 -1 0
59 159 -1 0
58 159 -1 0
57 159 -1 0
484 158 -1 0
483 158 -1 0
482 158 -1 0
481 158 -1 0
480 158 -1 0
479 158 -1 0
478 158 -1 0
477 158 -1 0
476 158 -1 0
475 158 -1 0
474 158 -1 0
259 158 -1 1
258 158 -1 1
257 158 -1 1
256 158 -1 1
255 158 -1 1
254 158 -1 1
253 158 -1 1
252 158 -1 1
251 158 -1 1
250 158 -1 1
249 158 -1 1
248 158 -1 1
247 158 -1 1
67 158 -1 0
66 158 -1 0
65 158 -1 0
64 158 -1 0
63 158 -1 0
62 158 -1 0
61 158 -1 0
60 158 -1 0
59 158 -1 0
58 158 -1 0
57 158 -1 0
484 157 -1 0
483 157 -1 0
482 157 -1 0
481 157 -1 0
480 157 -1 0
479 157 -1 0
478 157 -1 0
477 157 -1 0
476 157 -1 0
475 157 -1 0
474 157 -1 0
258 157 -1 1
257 157 -1 1
256 157 -1 1
255 157 -1 1
254 157 -1 1
253 157 -1 1
252 157 -1 1
251 157 -1 1
250 157 -1 1
249 157 -1 1
248 157 -1 1
247 157 -1 1
67 157 -1 0
66 157 -1 0
65 157 -1 0
64 157 -1 0
63 157 -1 0
62 157 -1 0
61 157 -1 0
60 157 -1 0
59 157 -1 0
58 157 -1 0
57 157 -1 0
484 156 -1 0
483 156 -1 0
482 156 -1 0
481 156 -1 0
480 156 -1 0
479 156 -1 0
478 156 -1 0
477 156 -1 0
476 156 -1 0
475 156 -1 0
474 156 -1 0
258 156 -1 1
257 156 -1 1
256 156 -1 1
255 156 -1 1
254 156 -1 1
253 156 -1 1
252 156 -1 1
251 156 -1 1
250 156 -1 1
249 156 -1 1
248 156 -1 1
247 156 -1 1
246 156 -1 1
67 156 -1 0
66 156 -1 0
65 156 -1 0
64 156 -1 0
63 156 -1 0
62 156 -1 0
61 156 -1 0
60 156 -1 0
59 156 -1 0
58 156 -1 0
57 156 -1 0
484 155 -1 0
483 155 -1 0
482 155 -1 0
481 155 -1 0
480 155 -1 0
479 155 -1 0
478 155 -1 0
477 155 -1 0
476 155 -1 0
475 155 -1 0
474 155 -1 0
258 155 -1 1
257 155 -1 1
256 155 -1 1
255 155 -1 1
254 155 -1 1
253 155 -1 1
252 155 -1 1
251 155 -1 1
250 155 -1 1
249 155 -1 1
248 155 -1 1
247 155 -1 1
246 155 -1 1
67 155 -1 0
66 155 -1 0
65 155 -1 0
64 155 -1 0
63 155 -1 0
62 155 -1 0
61 155 -1 0
60 155 -1 0
59 155 -1 0
58 155 -1 0
57 155 -1 0
484 154 -1 0
483 154 -1 0
482 154 -1 0
481 154 -1 0
480 154 -1 0
479 154 -1 0
478 154 -1 0
477 154 -1 0
476 154 -1 0
475 154 -1 0
474 154 -1 0
257 154 -1 1
256 154 -1 1
255 154 -1 1
254 154 -1 1
253 154 -1 1
252 154 -1 1
251 154 -1 1
250 154 -1 1
249 154 -1 1
248 154 -1 1
247 154 -1 1
246 154 -1 1
245 154 -1 1
67 154 -1 0
66 154 -1 0
65 154 -1 0
64 154 -1 0
63 154 -1 0
62 154 -1 0
61 154 -1 0
60 154 -1 0
59 154 -1 0
58 154 -1 0
57 154 -1 0
484 153 -1 0
483 153 -1 0
482 153 -1 0
481 153 -1 0
480 153 -1 0
479 153 -1 0
478 153 -1 0
477 153 -1 0
476 153 -1 0
475 153 -1 0
474 153 -1 0
256 153 -1 1
255 153 -1 1
254 153 -1 1
253 153 -1 1
252 153 -1 1
251 153 -1 1
250 153 -1 1
249 153 -1 1
248 153 -1 1
247 153 -1 1
246 153 -1 1
245 153 -1 1
67 153 -1 0
66 153 -1 0
65 153 -1 0
64 153 -1 0
63 153 -1 0
62 153 -1 0
61 153 -1 0
60 153 -1 0
59 153 -1 0
58 153 -1 0
57 153 -1 0
484 152 -1 0
483 152 -1 0
482 152 -1 0
481 152 -1 0
480 152 -1 0
479 152 -1 0
478 152 -1 0
477 152 -1 0
476 152 -1 0
475 152 -1 0
474 152 -1 0
255 152 -1 1
254 152 -1 1
253 152 -1 1
252 152 -1 1
251 152 -1 1
250 152 -1 1
249 152 -1 1
248 152 -1 1
247 152 -1 1
246 152 -1 1
245 152 -1 1
67 152 -1 0
66 152 -1 0
65 152 -1 0
64 152 -1 0
63 152 -1 0
62 152 -1 0
61 152 -1 0
60 152 -1 0
59 152 -1 0
58 152 -1 0
57 152 -1 0
484 151 -1 0
483 151 -1 0
482 151 -1 0
481 151 -1 0
480 151 -1 0
479 151 -1 0
478 151 -1 0
477 151 -1 0
476 151 -1 0
475 151 -1 0
474 151 -1 0
255 151 -1 1
254 151 -1 1
253 151 -1 1
252 151 -1 1
251 151 -1 1
250 151 -1 1
249 151 -1 1
248 151 -1 1
247 151 -1 1
246 151 -1 1
245 151 -1 1
244 151 -1 1
68 151 -1 0
67 151 -1 0
66 151 -1 0
65 151 -1 0
64 151 -1 0
63 151 -1 0
62 151 -1 0
61 151 -1 0
60 151 -1 0
59 151 -1 0
58 151 -1 0
484 150 -1 0
483 150 -1 0
482 150 -1 0
481 150 -1 0
480 150 -1 0
479 150 -1 0
478 150 -1 0
477 150 -1 0
476 150 -1 0
475 150 -1 0
474 150 -1 0
254 150 -1 1
253 150 -1 1
252 150 -1 1
251 150 -1 1
250 150 -1 1
249 150 -1 1
248 150 -1 1
247 150 -1 1
246 150 -1 1
245 150 -1 1
244 150 -1 1
68 150 -1 0
67 150 -1 0
66 150 -1 0
65 150 -1 0
64 150 -1 0
63 150 -1 0
62 150 -1 0
61 150 -1 0
60 150 -1 0
59 150 -1 0
58 150 -1 0
484 149 -1 0
483 149 -1 0
482 149 -1 0
481 149 -1 0
480 149 -1 0
479 149 -1 0
478 149 -1 0
477 149 -1 0
476 149 -1 0
475 149 -1 0
474 149 -1 0
254 149 -1 1
253 149 -1 1
252 149 -1 1
251 149 -1 1
250 149 -1 1
249 149 -1 1
248 149 -1 1
247 149 -1 1
246 149 -1 1
245 149 -1 1
244 149 -1 1
68 149 -1 0
67 149 -1 0
66 149 -1 0
65 149 -1 0
64 149 -1 0
63 149 -1 0
62 149 -1 0
61 149 -1 0
60 149 -1 0
59 149 -1 0
58 149 -1 0
484 148 -1 0
483 148 -1 0
482 148 -1 0
481 148 -1 0
480 148 -1 0
479 148 -1 0
478 148 -1 0
477 148 -1 0
476 148 -1 0
475 148 -1 0
474 148 -1 0
254 148 -1 1
253 148 -1 1
252 148 -1 1
251 148 -1 1
250 148 -1 1
249 148 -1 1
248 148 -1 1
247 148 -1 1
246 148 -1 1
245 148 -1 1
244 148 -1 1
243 148 -1 1
68 148 -1 0
67 148 -1 0
66 148 -1 0
65 148 -1 0
64 148 -1 0
63 148 -1 0
62 148 -1 0
61 148 -1 0
60 148 -1 0
59 148 -1 0
58 148 -1 0
483 147 -1 0
482 147 -1 0
481 147 -1 0
480 147 -1 0
479 147 -1 0
478 147 -1 0
477 147 -1 0
476 147 -1 0
475 147 -1 0
474 147 -1 0
473 147 -1 0
253 147 -1 1
252 147 -1 1
251 147 -1 1
250 147 -1 1
249 147 -1 1
248 147 -1 1
247 147 -1 1
246 147 -1 1
245 147 -1 1
244 147 -1 1
243 147 -1 1
68 147 -1 0
67 147 -1 0
66 147 -1 0
65 147 -1 0
64 147 -1 0
63 147 -1 0
62 147 -1 0
61 147 -1 0
60 147 -1 0
59 147 -1 0
58 147 -1 0
483 146 -1 0
482 146 -1 0
481 146 -1 0
480 146 -1 0
479 146 -1 0
478 146 -1 0
477 146 -1 0
476 146 -1 0
475 146 -1 0
474 146 -1 0
473 146 -1 0
253 146 -1 1
252 146 -1 1
251 146 -1 1
250 146 -1 1
249 146 -1 1
248 146 -1 1
247 146 -1 1
246 146 -1 1
245 146 -1 1
244 146 -1 1
243 146 -1 1
242 146 -1 1
68 146 -1 0
67 146 -1 0
66 146 -1 0
65 146 -1 0
64 146 -1 0
63 146 -1 0
62 146 -1 0
61 146 -1 0
60 146 -1 0
59 146 -1 0
58 146 -1 0
483 145 -1 0
482 145 -1 0
481 145 -1 0
480 145 -1 0
479 145 -1 0
478 145 -1 0
477 145 -1 0
476 145 -1 0
475 145 -1 0
474 145 -1 0
473 145 -1 0
253 145 -1 1
252 145 -1 1
251 145 -1 1
250 145 -1 1
249 145 -1 1
248 145 -1 1
247 145 -1 1
246 145 -1 1
245 145 -1 1
244 145 -1 1
243 145 -1 1
242 145 -1 1
69 145 -1 0
68 145 -1 0
67 145 -1 0
66 145 -1 0
65 145 -1 0
64 145 -1 0
63 145 -1 0
62 145 -1 0
61 145 -1 0
60 145 -1 0
59 145 -1 0
58 145 -1 0
483 144 -1 0
482 144 -1 0
481 144 -1 0
480 144 -1 0
479 144 -1 0
478 144 -1 0
477 144 -1 0
476 144 -1 0
475 144 -1 0
474 144 -1 0
473 144 -1 0
252 144 -1 1
251 144 -1 1
250 144 -1 1
249 144 -1 1
248 144 -1 1
247 144 -1 1
246 144 -1 1
245 144 -1 1
244 144 -1 1
243 144 -1 1
242 144 -1 1
241 144 -1 1
69 144 -1 0
68 144 -1 0
67 144 -1 0
66 144 -1 0
65 144 -1 0
64 144 -1 0
63 144 -1 0
62 144 -1 0
61 144 -1 0
60 144 -1 0
59 144 -1 0
483 143 -1 0
482 143 -1 0
481 143 -1 0
480 143 -1 0
479 143 -1 0
478 143 -1 0
477 143 -1 0
476 143 -1 0
475 143 -1 0
474 143 -1 0
473 143 -1 0
252 143 -1 1
251 143 -1 1
250 143 -1 1
249 143 -1 1
248 143 -1 1
247 143 -1 1
246 143 -1 1
245 143 -1 1
244 143 -1 1
243 143 -1 1
242 143 -1 1
241 143 -1 1
69 143 -1 0
68 143 -1 0
67 143 -1 0
66 143 -1 0
65 143 -1 0
64 143 -1 0
63 143 -1 0
62 143 -1 0
61 143 -1 0
60 143 -1 0
59 143 -1 0
483 142 -1 0
482 142 -1 0
481 142 -1 0
480 142 -1 0
479 142 -1 0
478 142 -1 0
477 142 -1 0
476 142 -1 0
475 142 -1 0
474 142 -1 0
473 142 -1 0
251 142 -1 1
250 142 -1 1
249 142 -1 1
248 142 -1 1
247 142 -1 1
246 142 -1 1
245 142 -1 1
244 142 -1 1
243 142 -1 1
242 142 -1 1
241 142 -1 1
240 142 -1 1
70 142 -1 0
69 142 -1 0
68 142 -1 0
67 142 -1 0
66 142 -1 0
65 142 -1 0
64 142 -1 0
63 142 -1 0
62 142 -1 0
61 142 -1 0
60 142 -1 0
59 142 -1 0
483 141 -1 0
482 141 -1 0
481 141 -1 0
480 141 -1 0
479 141 -1 0
478 141 -1 0
477 141 -1 0
476 141 -1 0
475 141 -1 0
474 141 -1 0
473 141 -1 0
251 141 -1 1
250 141 -1 1
249 141 -1 1
248 141 -1 1
247 141 -1 1
246 141 -1 1
245 141 -1 1
244 141 -1 1
243 141 -1 1
242 141 -1 1
241 141 -1 1
240 141 -1 1
70 141 -1 0
69 141 -1 0
68 141 -1 0
67 141 -1 0
66 141 -1 0
65 141 -1 0
64 141 -1 0
63 141 -1 0
62 141 -1 0
61 141 -1 0
60 141 -1 0
483 140 -1 0
482 140 -1 0
481 140 -1 0
480 140 -1 0
479 140 -1 0
478 140 -1 0
477 140 -1 0
476 140 -1 0
475 140 -1 0
474 140 -1 0
473 140 -1 0
250 140 -1 1
249 140 -1 1
248 140 -1 1
247 140 -1 1
246 140 -1 1
245 140 -1 1
244 140 -1 1
243 140 -1 1
242 140 -1 1
241 140 -1 1
240 140 -1 1
239 140 -1 1
70 140 -1 0
69 140 -1 0
68 140 -1 0
67 140 -1 0
66 140 -1 0
65 140 -1 0
64 140 -1 0
63 140 -1 0
62 140 -1 0
61 140 -1 0
60 140 -1 0
483 139 -1 0
482 139 -1 0
481 139 -1 0
480 139 -1 0
479 139 -1 0
478 139 -1 0
477 139 -1 0
476 139 -1 0
475 139 -1 0
474 139 -1 0
473 139 -1 0
250 139 -1 1
249 139 -1 1
248 139 -1 1
247 139 -1 1
246 139 -1 1
245 139 -1 1
244 139 -1 1
243 139 -1 1
242 139 -1 1
241 139 -1 1
240 139 -1 1
239 139 -1 1
70 139 -1 0
69 139 -1 0
68 139 -1 0
67 139 -1 0
66 139 -1 0
65 139 -1 0
64 139 -1 0
63 139 -1 0
62 139 -1 0
61 139 -1 0
60 139 -1 0
483 138 -1 0
482 138 -1 0
481 138 -1 0
480 138 -1 0
479 138 -1 0
478 138 -1 0
477 138 -1 0
476 138 -1 0
475 138 -1 0
474 138 -1 0
473 138 -1 0
249 138 -1 1
248 138 -1 1
247 138 -1 1
246 138 -1 1
245 138 -1 1
244 138 -1 1
243 138 -1 1
242 138 -1 1
241 138 -1 1
240 138 -1 1
239 138 -1 1
238 138 -1 1
70 138 -1 0
69 138 -1 0
68 138 -1 0
67 138 -1 0
66 138 -1 0
65 138 -1 0
64 138 -1 0
63 138 -1 0
62 138 -1 0
61 138 -1 0
60 138 -1 0
483 137 -1 0
482 137 -1 0
481 137 -1 0
480 137 -1 0
479 137 -1 0
478 137 -1 0
477 137 -1 0
476 137 -1 0
475 137 -1 0
474 137 -1 0
473 137 -1 0
249 137 -1 1
248 137 -1 1
247 137 -1 1
246 137 -1 1
245 137 -1 1
244 137 -1 1
243 137 -1 1
242 137 -1 1
241 137 -1 1
240 137 -1 1
239 137 -1 1
238 137 -1 1
70 137 -1 0
69 137 -1 0
68 137 -1 0
67 137 -1 0
66 137 -1 0
65 137 -1 0
64 137 -1 0
63 137 -1 0
62 137 -1 0
61 137 -1 0
60 137 -1 0
483 136 -1 0
482 136 -1 0
481 136 -1 0
480 136 -1 0
479 136 -1 0
478 136 -1 0
477 136 -1 0
476 136 -1 0
475 136 -1 0
474 136 -1 0
473 136 -1 0
248 136 -1 1
247 136 -1 1
246 136 -1 1
245 136 -1 1
244 136 -1 1
243 136 -1 1
242 136 -1 1
241 136 -1 1
240 136 -1 1
239 136 -1 1
238 136 -1 1
237 136 -1 1
70 136 -1 0
69 136 -1 0
68 136 -1 0
67 136 -1 0
66 136 -1 0
65 136 -1 0
64 136 -1 0
63 136 -1 0
62 136 -1 0
61 136 -1 0
60 136 -1 0
483 135 -1 0
482 135 -1 0
481 135 -1 0
480 135 -1 0
479 135 -1 0
478 135 -1 0
477 135 -1 0
476 135 -1 0
475 135 -1 0
474 135 -1 0
473 135 -1 0
248 135 -1 1
247 135 -1 1
246 135 -1 1
245 135 -1 1
244 135 -1 1
243 135 -1 1
242 135 -1 1
241 135 -1 1
240 135 -1 1
239 135 -1 1
238 135 -1 1
237 135 -1 1
236 135 -1 1
70 135 -1 0
69 135 -1 0
68 135 -1 0
67 135 -1 0
66 135 -1 0
65 135 -1 0
64 135 -1 0
63 135 -1 0
62 135 -1 0
61 135 -1 0
60 135 -1 0
483 134 -1 0
482 134 -1 0
481 134 -1 0
480 134 -1 0
479 134 -1 0
478 134 -1 0
477 134 -1 0
476 134 -1 0
475 134 -1 0
474 134 -1 0
473 134 -1 0
247 134 -1 1
246 134 -1 1
245 134 -1 1
244 134 -1 1
243 134 -1 1
242 134 -1 1
241 134 -1 1
240 134 -1 1
239 134 -1 1
238 134 -1 1
237 134 -1 1
236 134 -1 1
235 134 -1 1
71 134 -1 0
70 134 -1 0
69 134 -1 0
68 134 -1 0
67 134 -1 0
66 134 -1 0
65 134 -1 0
64 134 -1 0
63 134 -1 0
62 134 -1 0
61 134 -1 0
483 133 -1 0
482 133 -1 0
481 133 -1 0
480 133 -1 0
479 133 -1 0
478 133 -1 0
477 133 -1 0
476 133 -1 0
475 133 -1 0
474 133 -1 0
473 133 -1 0
247 133 -1 1
246 133 -1 1
245 133 -1 1
244 133 -1 1
243 133 -1 1
242 133 -1 1
241 133 -1 1
240 133 -1 1
239 133 -1 1
238 133 -1 1
237 133 -1 1
236 133 -1 1
235 133 -1 1
71 133 -1 0
70 133 -1 0
69 133 -1 0
68 133 -1 0
67 133 -1 0
66 133 -1 0
65 133 -1 0
64 133 -1 0
63 133 -1 0
62 133 -1 0
61 133 -1 0
483 132 -1 0
482 132 -1 0
481 132 -1 0
480 132 -1 0
479 132 -1 0
478 132 -1 0
477 132 -1 0
476 132 -1 0
475 132 -1 0
474 132 -1 0
473 132 -1 0
246 132 -1 1
245 132 -1 1
244 132 -1 1
243 132 -1 1
242 132 -1 1
241 132 -1 1
240 132 -1 1
239 132 -1 1
238 132 -1 1
237 132 -1 1
236 132 -1 1
235 132 -1 1
234 132 -1 1
71 132 -1 0
70 132 -1 0
69 132 -1 0
68 132 -1 0
67 132 -1 0
66 132 -1 0
65 132 -1 0
64 132 -1 0
63 132 -1 0
62 132 -1 0
61 132 -1 0
483 131 -1 0
482 131 -1 0
481 131 -1 0
480 131 -1 0
479 131 -1 0
478 131 -1 0
477 131 -1 0
476 131 -1 0
475 131 -1 0
474 131 -1 0
473 131 -1 0
246 131 -1 1
245 131 -1 1
244 131 -1 1
243 131 -1 1
242 131 -1 1
241 131 -1 1
240 131 -1 1
239 131 -1 1
238 131 -1 1
237 131 -1 1
236 131 -1 1
235 131 -1 1
234 131 -1 1
71 131 -1 0
70 131 -1 0
69 131 -1 0
68 131 -1 0
67 131 -1 0
66 131 -1 0
65 131 -1 0
64 131 -1 0
63 131 -1 0
62 131 -1 0
61 131 -1 0
483 130 -1 0
482 130 -1 0
481 130 -1 0
480 130 -1 0
479 130 -1 0
478 130 -1 0
477 130 -1 0
476 130 -1 0
475 130 -1 0
474 130 -1 0
473 130 -1 0
245 130 -1 1
244 130 -1 1
243 130 -1 1
242 130 -1 1
241 130 -1 1
240 130 -1 1
239 130 -1 1
238 130 -1 1
237 130 -1 1
236 130 -1 1
235 130 -1 1
234 130 -1 1
233 130 -1 1
71 130 -1 0
70 130 -1 0
69 130 -1 0
68 130 -1 0
67 130 -1 0
66 130 -1 0
65 130 -1 0
64 130 -1 0
63 130 -1 0
62 130 -1 0
61 130 -1 0
482 129 -1 0
481 129 -1 0
480 129 -1 0
479 129 -1 0
478 129 -1 0
477 129 -1 0
476 129 -1 0
475 129 -1 0
474 129 -1 0
473 129 -1 0
472 129 -1 0
244 129 -1 1
243 129 -1 1
242 129 -1 1
241 129 -1 1
240 129 -1 1
239 129 -1 1
238 129 -1 1
237 129 -1 1
236 129 -1 1
235 129 -1 1
234 129 -1 1
233 129 -1 1
232 129 -1 1
72 129 -1 0
71 129 -1 0
70 129 -1 0
69 129 -1 0
68 129 -1 0
67 129 -1 0
66 129 -1 0
65 129 -1 0
64 129 -1 0
63 129 -1 0
62 129 -1 0
482 128 -1 0
481 128 -1 0
480 128 -1 0
479 128 -1 0
478 128 -1 0
477 128 -1 0
476 128 -1 0
475 128 -1 0
474 128 -1 0
473 128 -1 0
472 128 -1 0
243 128 -1 1
242 128 -1 1
241 128 -1 1
240 128 -1 1
239 128 -1 1
238 128 -1 1
237 128 -1 1
236 128 -1 1
235 128 -1 1
234 128 -1 1
233 128 -1 1
232 128 -1 1
231 128 -1 1
72 128 -1 0
71 128 -1 0
70 128 -1 0
69 128 -1 0
68 128 -1 0
67 128 -1 0
66 128 -1 0
65 128 -1 0
64 128 -1 0
63 128 -1 0
62 128 -1 0
482 127 -1 0
481 127 -1 0
480 127 -1 0
479 127 -1 0
478 127 -1 0
477 127 -1 0
476 127 -1 0
475 127 -1 0
474 127 -1 0
473 127 -1 0
472 127 -1 0
243 127 -1 1
242 127 -1 1
241 127 -1 1
240 127 -1 1
239 127 -1 1
238 127 -1 1
237 127 -1 1
236 127 -1 1
235 127 -1 1
234 127 -1 1
233 127 -1 1
232 127 -1 1
231 127 -1 1
230 127 -1 1
72 127 -1 0
71 127 -1 0
70 127 -1 0
69 127 -1 0
68 127 -1 0
67 127 -1 0
66 127 -1 0
65 127 -1 0
64 127 -1 0
63 127 -1 0
62 127 -1 0
482 126 -1 0
481 126 -1 0
480 126 -1 0
479 126 -1 0
478 126 -1 0
477 126 -1 0
476 126 -1 0
475 126 -1 0
474 126 -1 0
473 126 -1 0
472 126 -1 0
242 126 -1 1
241 126 -1 1
240 126 -1 1
239 126 -1 1
238 126 -1 1
237 126 -1 1
236 126 -1 1
235 126 -1 1
234 126 -1 1
233 126 -1 1
232 126 -1 1
231 126 -1 1
230 126 -1 1
229 126 -1 1
72 126 -1 0
71 126 -1 0
70 126 -1 0
69 126 -1 0
68 126 -1 0
67 126 -1 0
66 126 -1 0
65 126 -1 0
64 126 -1 0
63 126 -1 0
62 126 -1 0
482 125 -1 0
481 125 -1 0
480 125 -1 0
479 125 -1 0
478 125 -1 0
477 125 -1 0
476 125 -1 0
475 125 -1 0
474 125 -1 0
473 125 -1 0
472 125 -1 0
242 125 -1 1
241 125 -1 1
240 125 -1 1
239 125 -1 1
238 125 -1 1
237 125 -1 1
236 125 -1 1
235 125 -1 1
234 125 -1 1
233 125 -1 1
232 125 -1 1
231 125 -1 1
230 125 -1 1
229 125 -1 1
73 125 -1 0
72 125 -1 0
71 125 -1 0
70 125 -1 0
69 125 -1 0
68 125 -1 0
67 125 -1 0
66 125 -1 0
65 125 -1 0
64 125 -1 0
63 125 -1 0
482 124 -1 0
481 124 -1 0
480 124 -1 0
479 124 -1 0
478 124 -1 0
477 124 -1 0
476 124 -1 0
475 124 -1 0
474 124 -1 0
473 124 -1 0
472 124 -1 0
241 124 -1 1
240 124 -1 1
239 124 -1 1
238 124 -1 1
237 124 -1 1
236 124 -1 1
235 124 -1 1
234 124 -1 1
233 124 -1 1
232 124 -1 1
231 124 -1 1
230 124 -1 1
229 124 -1 1
228 124 -1 1
73 124 -1 0
72 124 -1 0
71 124 -1 0
70 124 -1 0
69 124 -1 0
68 124 -1 0
67 124 -1 0
66 124 -1 0
65 124 -1 0
64 124 -1 0
63 124 -1 0
482 123 -1 0
481 123 -1 0
480 123 -1 0
479 123 -1 0
478 123 -1 0
477 123 -1 0
476 123 -1 0
475 123 -1 0
474 123 -1 0
473 123 -1 0
472 123 -1 0
240 123 -1 1
239 123 -1 1
238 123 -1 1
237 123 -1 1
236 123 -1 1
235 123 -1 1
234 123 -1 1
233 123 -1 1
232 123 -1 1
231 123 -1 1
230 123 -1 1
229 123 -1 1
228 123 -1 1
227 123 -1 1
73 123 -1 0
72 123 -1 0
71 123 -1 0
70 123 -1 0
69 123 -1 0
68 123 -1 0
67 123 -1 0
66 123 -1 0
65 123 -1 0
64 123 -1 0
63 123 -1 0
481 122 -1 0
480 122 -1 0
479 122 -1 0
478 122 -1 0
477 122 -1 0
476 122 -1 0
475 122 -1 0
474 122 -1 0
473 122 -1 0
472 122 -1 0
471 122 -1 0
239 122 -1 1
238 122 -1 1
237 122 -1 1
236 122 -1 1
235 122 -1 1
234 122 -1 1
233 122 -1 1
232 122 -1 1
231 122 -1 1
230 122 -1 1
229 122 -1 1
228 122 -1 1
227 122 -1 1
226 122 -1 1
73 122 -1 0
72 122 -1 0
71 122 -1 0
70 122 -1 0
69 122 -1 0
68 122 -1 0
67 122 -1 0
66 122 -1 0
65 122 -1 0
64 122 -1 0
63 122 -1 0
481 121 -1 0
480 121 -1 0
479 121 -1 0
478 121 -1 0
477 121 -1 0
476 121 -1 0
475 121 -1 0
474 121 -1 0
473 121 -1 0
472 121 -1 0
471 121 -1 0
238 121 -1 1
237 121 -1 1
236 121 -1 1
235 121 -1 1
234 121 -1 1
233 121 -1 1
232 121 -1 1
231 121 -1 1
230 121 -1 1
229 121 -1 1
228 121 -1 1
227 121 -1 1
226 121 -1 1
225 121 -1 1
73 121 -1 0
72 121 -1 0
71 121 -1 0
70 121 -1 0
69 121 -1 0
68 121 -1 0
67 121 -1 0
66 121 -1 0
65 121 -1 0
64 121 -1 0
63 121 -1 0
481 120 -1 0
480 120 -1 0
479 120 -1 0
478 120 -1 0
477 120 -1 0
476 120 -1 0
475 120 -1 0
474 120 -1 0
473 120 -1 0
472 120 -1 0
471 120 -1 0
470 120 -1 0
237 120 -1 1
236 120 -1 1
235 120 -1 1
234 120 -1 1
233 120 -1 1
232 120 -1 1
231 120 -1 1
230 120 -1 1
229 120 -1 1
228 120 -1 1
227 120 -1 1
226 120 -1 1
225 120 -1 1
73 120 -1 0
72 120 -1 0
71 120 -1 0
70 120 -1 0
69 120 -1 0
68 120 -1 0
67 120 -1 0
66 120 -1 0
65 120 -1 0
64 120 -1 0
63 120 -1 0
480 119 -1 0
479 119 -1 0
478 119 -1 0
477 119 -1 0
476 119 -1 0
475 119 -1 0
474 119 -1 0
473 119 -1 0
472 119 -1 0
471 119 -1 0
470 119 -1 0
237 119 -1 1
236 119 -1 1
235 119 -1 1
234 119 -1 1
233 119 -1 1
232 119 -1 1
231 119 -1 1
230 119 -1 1
229 119 -1 1
228 119 -1 1
227 119 -1 1
226 119 -1 1
225 119 -1 1
224 119 -1 1
73 119 -1 0
72 119 -1 0
71 119 -1 0
70 119 -1 0
69 119 -1 0
68 119 -1 0
67 119 -1 0
66 119 -1 0
65 119 -1 0
64 119 -1 0
63 119 -1 0
480 118 -1 0
479 118 -1 0
478 118 -1 0
477 118 -1 0
476 118 -1 0
475 118 -1 0
474 118 -1 0
473 118 -1 0
472 118 -1 0
471 118 -1 0
470 118 -1 0
236 118 -1 1
235 118 -1 1
234 118 -1 1
233 118 -1 1
232 118 -1 1
231 118 -1 1
230 118 -1 1
229 118 -1 1
228 118 -1 1
227 118 -1 1
226 118 -1 1
225 118 -1 1
224 118 -1 1
73 118 -1 0
72 118 -1 0
71 118 -1 0
70 118 -1 0
69 118 -1 0
68 118 -1 0
67 118 -1 0
66 118 -1 0
65 118 -1 0
64 118 -1 0
63 118 -1 0
480 117 -1 0
479 117 -1 0
478 117 -1 0
477 117 -1 0
476 117 -1 0
475 117 -1 0
474 117 -1 0
473 117 -1 0
472 117 -1 0
471 117 -1 0
470 117 -1 0
469 117 -1 0
235 117 -1 1
234 117 -1 1
233 117 -1 1
232 117 -1 1
231 117 -1 1
230 117 -1 1
229 117 -1 1
228 117 -1 1
227 117 -1 1
226 117 -1 1
225 117 -1 1
224 117 -1 1
74 117 -1 0
73 117 -1 0
72 117 -1 0
71 117 -1 0
70 117 -1 0
69 117 -1 0
68 117 -1 0
67 117 -1 0
66 117 -1 0
65 117 -1 0
64 117 -1 0
479 116 -1 0
478 116 -1 0
477 116 -1 0
476 116 -1 0
475 116 -1 0
474 116 -1 0
473 116 -1 0
472 116 -1 0
471 116 -1 0
470 116 -1 0
469 116 -1 0
234 116 -1 1
233 116 -1 1
232 116 -1 1
231 116 -1 1
230 116 -1 1
229 116 -1 1
228 116 -1 1
227 116 -1 1
226 116 -1 1
225 116 -1 1
224 116 -1 1
223 116 -1 1
74 116 -1 0
73 116 -1 0
72 116 -1 0
71 116 -1 0
70 116 -1 0
69 116 -1 0
68 116 -1 0
67 116 -1 0
66 116 -1 0
65 116 -1 0
64 116 -1 0
479 115 -1 0
478 115 -1 0
477 115 -1 0
476 115 -1 0
475 115 -1 0
474 115 -1 0
473 115 -1 0
472 115 -1 0
471 115 -1 0
470 115 -1 0
469 115 -1 0
233 115 -1 1
232 115 -1 1
231 115 -1 1
230 115 -1 1
229 115 -1 1
228 115 -1 1
227 115 -1 1
226 115 -1 1
225 115 -1 1
224 115 -1 1
223 115 -1 1
222 115 -1 1
74 115 -1 0
73 115 -1 0
72 115 -1 0
71 115 -1 0
70 115 -1 0
69 115 -1 0
68 115 -1 0
67 115 -1 0
66 115 -1 0
65 115 -1 0
64 115 -1 0
479 114 -1 0
478 114 -1 0
477 114 -1 0
476 114 -1 0
475 114 -1 0
474 114 -1 0
473 114 -1 0
472 114 -1 0
471 114 -1 0
470 114 -1 0
469 114 -1 0
468 114 -1 0
233 114 -1 1
232 114 -1 1
231 114 -1 1
230 114 -1 1
229 114 -1 1
228 114 -1 1
227 114 -1 1
226 114 -1 1
225 114 -1 1
224 114 -1 1
223 114 -1 1
222 114 -1 1
221 114 -1 1
74 114 -1 0
73 114 -1 0
72 114 -1 0
71 114 -1 0
70 114 -1 0
69 114 -1 0
68 114 -1 0
67 114 -1 0
66 114 -1 0
65 114 -1 0
64 114 -1 0
479 113 -1 0
478 113 -1 0
477 113 -1 0
476 113 -1 0
475 113 -1 0
474 113 -1 0
473 113 -1 0
472 113 -1 0
471 113 -1 0
470 113 -1 0
469 113 -1 0
468 113 -1 0
232 113 -1 1
231 113 -1 1
230 113 -1 1
229 113 -1 1
228 113 -1 1
227 113 -1 1
226 113 -1 1
225 113 -1 1
224 113 -1 1
223 113 -1 1
222 113 -1 1
221 113 -1 1
220 113 -1 1
74 113 -1 0
73 113 -1 0
72 113 -1 0
71 113 -1 0
70 113 -1 0
69 113 -1 0
68 113 -1 0
67 113 -1 0
66 113 -1 0
65 113 -1 0
64 113 -1 0
478 112 -1 0
477 112 -1 0
476 112 -1 0
475 112 -1 0
474 112 -1 0
473 112 -1 0
472 112 -1 0
471 112 -1 0
470 112 -1 0
469 112 -1 0
468 112 -1 0
232 112 -1 1
231 112 -1 1
230 112 -1 1
229 112 -1 1
228 112 -1 1
227 112 -1 1
226 112 -1 1
225 112 -1 1
224 112 -1 1
223 112 -1 1
222 112 -1 1
221 112 -1 1
220 112 -1 1
74 112 -1 0
73 112 -1 0
72 112 -1 0
71 112 -1 0
70 112 -1 0
69 112 -1 0
68 112 -1 0
67 112 -1 0
66 112 -1 0
65 112 -1 0
64 112 -1 0
478 111 -1 0
477 111 -1 0
476 111 -1 0
475 111 -1 0
474 111 -1 0
473 111 -1 0
472 111 -1 0
471 111 -1 0
470 111 -1 0
469 111 -1 0
468 111 -1 0
467 111 -1 0
232 111 -1 1
231 111 -1 1
230 111 -1 1
229 111 -1 1
228 111 -1 1
227 111 -1 1
226 111 -1 1
225 111 -1 1
224 111 -1 1
223 111 -1 1
222 111 -1 1
221 111 -1 1
220 111 -1 1
219 111 -1 1
74 111 -1 0
73 111 -1 0
72 111 -1 0
71 111 -1 0
70 111 -1 0
69 111 -1 0
68 111 -1 0
67 111 -1 0
66 111 -1 0
65 111 -1 0
64 111 -1 0
478 110 -1 0
477 110 -1 0
476 110 -1 0
475 110 -1 0
474 110 -1 0
473 110 -1 0
472 110 -1 0
471 110 -1 0
470 110 -1 0
469 110 -1 0
468 110 -1 0
467 110 -1 0
231 110 -1 1
230 110 -1 1
229 110 -1 1
228 110 -1 1
227 110 -1 1
226 110 -1 1
225 110 -1 1
224 110 -1 1
223 110 -1 1
222 110 -1 1
221 110 -1 1
220 110 -1 1
219 110 -1 1
218 110 -1 1
74 110 -1 0
73 110 -1 0
72 110 -1 0
71 110 -1 0
70 110 -1 0
69 110 -1 0
68 110 -1 0
67 110 -1 0
66 110 -1 0
65 110 -1 0
64 110 -1 0
477 109 -1 0
476 109 -1 0
475 109 -1 0
474 109 -1 0
473 109 -1 0
472 109 -1 0
471 109 -1 0
470 109 -1 0
469 109 -1 0
468 109 -1 0
467 109 -1 0
466 109 -1 0
230 109 -1 1
229 109 -1 1
228 109 -1 1
227 109 -1 1
226 109 -1 1
225 109 -1 1
224 109 -1 1
223 109 -1 1
222 109 -1 1
221 109 -1 1
220 109 -1 1
219 109 -1 1
218 109 -1 1
74 109 -1 0
73 109 -1 0
72 109 -1 0
71 109 -1 0
70 109 -1 0
69 109 -1 0
68 109 -1 0
67 109 -1 0
66 109 -1 0
65 109 -1 0
64 109 -1 0
476 108 -1 0
475 108 -1 0
474 108 -1 0
473 108 -1 0
472 108 -1 0
471 108 -1 0
470 108 -1 0
469 108 -1 0
468 108 -1 0
467 108 -1 0
466 108 -1 0
465 108 -1 0
229 108 -1 1
228 108 -1 1
227 108 -1 1
226 108 -1 1
225 108 -1 1
224 108 -1 1
223 108 -1 1
222 108 -1 1
221 108 -1 1
220 108 -1 1
219 108 -1 1
218 108 -1 1
217 108 -1 1
74 108 -1 0
73 108 -1 0
72 108 -1 0
71 108 -1 0
70 108 -1 0
69 108 -1 0
68 108 -1 0
67 108 -1 0
66 108 -1 0
65 108 -1 0
64 108 -1 0
476 107 -1 0
475 107 -1 0
474 107 -1 0
473 107 -1 0
472 107 -1 0
471 107 -1 0
470 107 -1 0
469 107 -1 0
468 107 -1 0
467 107 -1 0
466 107 -1 0
465 107 -1 0
464 107 -1 0
228 107 -1 1
227 107 -1 1
226 107 -1 1
225 107 -1 1
224 107 -1 1
223 107 -1 1
222 107 -1 1
221 107 -1 1
220 107 -1 1
219 107 -1 1
218 107 -1 1
217 107 -1 1
216 107 -1 1
74 107 -1 0
73 107 -1 0
72 107 -1 0
71 107 -1 0
70 107 -1 0
69 107 -1 0
68 107 -1 0
67 107 -1 0
66 107 -1 0
65 107 -1 0
64 107 -1 0
476 106 -1 0
475 106 -1 0
474 106 -1 0
473 106 -1 0
472 106 -1 0
471 106 -1 0
470 106 -1 0
469 106 -1 0
468 106 -1 0
467 106 -1 0
466 106 -1 0
465 106 -1 0
464 106 -1 0
228 106 -1 1
227 106 -1 1
226 106 -1 1
225 106 -1 1
224 106 -1 1
223 106 -1 1
222 106 -1 1
221 106 -1 1
220 106 -1 1
219 106 -1 1
218 106 -1 1
217 106 -1 1
216 106 -1 1
74 106 -1 0
73 106 -1 0
72 106 -1 0
71 106 -1 0
70 106 -1 0
69 106 -1 0
68 106 -1 0
67 106 -1 0
66 106 -1 0
65 106 -1 0
64 106 -1 0
475 105 -1 0
474 105 -1 0
473 105 -1 0
472 105 -1 0
471 105 -1 0
470 105 -1 0
469 105 -1 0
468 105 -1 0
467 105 -1 0
466 105 -1 0
465 105 -1 0
464 105 -1 0
463 105 -1 0
227 105 -1 1
226 105 -1 1
225 105 -1 1
224 105 -1 1
223 105 -1 1
222 105 -1 1
221 105 -1 1
220 105 -1 1
219 105 -1 1
218 105 -1 1
217 105 -1 1
216 105 -1 1
215 105 -1 1
74 105 -1 0
73 105 -1 0
72 105 -1 0
71 105 -1 0
70 105 -1 0
69 105 -1 0
68 105 -1 0
67 105 -1 0
66 105 -1 0
65 105 -1 0
64 105 -1 0
475 104 -1 0
474 104 -1 0
473 104 -1 0
472 104 -1 0
471 104 -1 0
470 104 -1 0
469 104 -1 0
468 104 -1 0
467 104 -1 0
466 104 -1 0
465 104 -1 0
464 104 -1 0
463 104 -1 0
226 104 -1 1
225 104 -1 1
224 104 -1 1
223 104 -1 1
222 104 -1 1
221 104 -1 1
220 104 -1 1
219 104 -1 1
218 104 -1 1
217 104 -1 1
216 104 -1 1
215 104 -1 1
214 104 -1 1
74 104 -1 0
73 104 -1 0
72 104 -1 0
71 104 -1 0
70 104 -1 0
69 104 -1 0
68 104 -1 0
67 104 -1 0
66 104 -1 0
65 104 -1 0
64 104 -1 0
474 103 -1 0
473 103 -1 0
472 103 -1 0
471 103 -1 0
470 103 -1 0
469 103 -1 0
468 103 -1 0
467 103 -1 0
466 103 -1 0
465 103 -1 0
464 103 -1 0
463 103 -1 0
226 103 -1 1
225 103 -1 1
224 103 -1 1
223 103 -1 1
222 103 -1 1
221 103 -1 1
220 103 -1 1
219 103 -1 1
218 103 -1 1
217 103 -1 1
216 103 -1 1
215 103 -1 1
214 103 -1 1
213 103 -1 1
75 103 -1 0
74 103 -1 0
73 103 -1 0
72 103 -1 0
71 103 -1 0
70 103 -1 0
69 103 -1 0
68 103 -1 0
67 103 -1 0
66 103 -1 0
65 103 -1 0
473 102 -1 0
472 102 -1 0
471 102 -1 0
470 102 -1 0
469 102 -1 0
468 102 -1 0
467 102 -1 0
466 102 -1 0
465 102 -1 0
464 102 -1 0
463 102 -1 0
462 102 -1 0
225 102 -1 1
224 102 -1 1
223 102 -1 1
222 102 -1 1
221 102 -1 1
220 102 -1 1
219 102 -1 1
218 102 -1 1
217 102 -1 1
216 102 -1 1
215 102 -1 1
214 102 -1 1
213 102 -1 1
75 102 -1 0
74 102 -1 0
73 102 -1 0
72 102 -1 0
71 102 -1 0
70 102 -1 0
69 102 -1 0
68 102 -1 0
67 102 -1 0
66 102 -1 0
65 102 -1 0
472 101 -1 0
471 101 -1 0
470 101 -1 0
469 101 -1 0
468 101 -1 0
467 101 -1 0
466 101 -1 0
465 101 -1 0
464 101 -1 0
463 101 -1 0
462 101 -1 0
224 101 -1 1
223 101 -1 1
222 101 -1 1
221 101 -1 1
220 101 -1 1
219 101 -1 1
218 101 -1 1
217 101 -1 1
216 101 -1 1
215 101 -1 1
214 101 -1 1
213 101 -1 1
212 101 -1 1
75 101 -1 0
74 101 -1 0
73 101 -1 0
72 101 -1 0
71 101 -1 0
70 101 -1 0
69 101 -1 0
68 101 -1 0
67 101 -1 0
66 101 -1 0
65 101 -1 0
472 100 -1 0
471 100 -1 0
470 100 -1 0
469 100 -1 0
468 100 -1 0
467 100 -1 0
466 100 -1 0
465 100 -1 0
464 100 -1 0
463 100 -1 0
462 100 -1 0
224 100 -1 1
223 100 -1 1
222 100 -1 1
221 100 -1 1
220 100 -1 1
219 100 -1 1
218 100 -1 1
217 100 -1 1
216 100 -1 1
215 100 -1 1
214 100 -1 1
213 100 -1 1
212 100 -1 1
211 100 -1 1
75 100 -1 0
74 100 -1 0
73 100 -1 0
72 100 -1 0
71 100 -1 0
70 100 -1 0
69 100 -1 0
68 100 -1 0
67 100 -1 0
66 100 -1 0
65 100 -1 0
472 99 -1 0
471 99 -1 0
470 99 -1 0
469 99 -1 0
468 99 -1 0
467 99 -1 0
466 99 -1 0
465 99 -1 0
464 99 -1 0
463 99 -1 0
462 99 -1 0
461 99 -1 0
223 99 -1 1
222 99 -1 1
221 99 -1 1
220 99 -1 1
219 99 -1 1
218 99 -1 1
217 99 -1 1
216 99 -1 1
215 99 -1 1
214 99 -1 1
213 99 -1 1
212 99 -1 1
211 99 -1 1
210 99 -1 1
75 99 -1 0
74 99 -1 0
73 99 -1 0
72 99 -1 0
71 99 -1 0
70 99 -1 0
69 99 -1 0
68 99 -1 0
67 99 -1 0
66 99 -1 0
65 99 -1 0
471 98 -1 0
470 98 -1 0
469 98 -1 0
468 98 -1 0
467 98 -1 0
466 98 -1 0
465 98 -1 0
464 98 -1 0
463 98 -1 0
462 98 -1 0
461 98 -1 0
222 98 -1 1
221 98 -1 1
220 98 -1 1
219 98 -1 1
218 98 -1 1
217 98 -1 1
216 98 -1 1
215 98 -1 1
214 98 -1 1
213 98 -1 1
212 98 -1 1
211 98 -1 1
210 98 -1 1
209 98 -1 1
75 98 -1 0
74 98 -1 0
73 98 -1 0
72 98 -1 0
71 98 -1 0
70 98 -1 0
69 98 -1 0
68 98 -1 0
67 98 -1 0
66 98 -1 0
65 98 -1 0
471 97 -1 0
470 97 -1 0
469 97 -1 0
468 97 -1 0
467 97 -1 0
466 97 -1 0
465 97 -1 0
464 97 -1 0
463 97 -1 0
462 97 -1 0
461 97 -1 0
460 97 -1 0
221 97 -1 1
220 97 -1 1
219 97 -1 1
218 97 -1 1
217 97 -1 1
216 97 -1 1
215 97 -1 1
214 97 -1 1
213 97 -1 1
212 97 -1 1
211 97 -1 1
210 97 -1 1
209 97 -1 1
208 97 -1 1
75 97 -1 0
74 97 -1 0
73 97 -1 0
72 97 -1 0
71 97 -1 0
70 97 -1 0
69 97 -1 0
68 97 -1 0
67 97 -1 0
66 97 -1 0
65 97 -1 0
471 96 -1 0
470 96 -1 0
469 96 -1 0
468 96 -1 0
467 96 -1 0
466 96 -1 0
465 96 -1 0
464 96 -1 0
463 96 -1 0
462 96 -1 0
461 96 -1 0
460 96 -1 0
459 96 -1 0
221 96 -1 1
220 96 -1 1
219 96 -1 1
218 96 -1 1
217 96 -1 1
216 96 -1 1
215 96 -1 1
214 96 -1 1
213 96 -1 1
212 96 -1 1
211 96 -1 1
210 96 -1 1
209 96 -1 1
208 96 -1 1
207 96 -1 1
75 96 -1 0
74 96 -1 0
73 96 -1 0
72 96 -1 0
71 96 -1 0
70 96 -1 0
69 96 -1 0
68 96 -1 0
67 96 -1 0
66 96 -1 0
65 96 -1 0
470 95 -1 0
469 95 -1 0
468 95 -1 0
467 95 -1 0
466 95 -1 0
465 95 -1 0
464 95 -1 0
463 95 -1 0
462 95 -1 0
461 95 -1 0
460 95 -1 0
459 95 -1 0
458 95 -1 0
220 95 -1 1
219 95 -1 1
218 95 -1 1
217 95 -1 1
216 95 -1 1
215 95 -1 1
214 95 -1 1
213 95 -1 1
212 95 -1 1
211 95 -1 1
210 95 -1 1
209 95 -1 1
208 95 -1 1
207 95 -1 1
206 95 -1 1
75 95 -1 0
74 95 -1 0
73 95 -1 0
72 95 -1 0
71 95 -1 0
70 95 -1 0
69 95 -1 0
68 95 -1 0
67 95 -1 0
66 95 -1 0
65 95 -1 0
470 94 -1 0
469 94 -1 0
468 94 -1 0
467 94 -1 0
466 94 -1 0
465 94 -1 0
464 94 -1 0
463 94 -1 0
462 94 -1 0
461 94 -1 0
460 94 -1 0
459 94 -1 0
458 94 -1 0
219 94 -1 1
218 94 -1 1
217 94 -1 1
216 94 -1 1
215 94 -1 1
214 94 -1 1
213 94 -1 1
212 94 -1 1
211 94 -1 1
210 94 -1 1
209 94 -1 1
208 94 -1 1
207 94 -1 1
206 94 -1 1
205 94 -1 1
75 94 -1 0
74 94 -1 0
73 94 -1 0
72 94 -1 0
71 94 -1 0
70 94 -1 0
69 94 -1 0
68 94 -1 0
67 94 -1 0
66 94 -1 0
65 94 -1 0
469 93 -1 0
468 93 -1 0
467 93 -1 0
466 93 -1 0
465 93 -1 0
464 93 -1 0
463 93 -1 0
462 93 -1 0
461 93 -1 0
460 93 -1 0
459 93 -1 0
458 93 -1 0
457 93 -1 0
218 93 -1 1
217 93 -1 1
216 93 -1 1
215 93 -1 1
214 93 -1 1
213 93 -1 1
212 93 -1 1
211 93 -1 1
210 93 -1 1
209 93 -1 1
208 93 -1 1
207 93 -1 1
206 93 -1 1
205 93 -1 1
204 93 -1 1
75 93 -1 0
74 93 -1 0
73 93 -1 0
72 93 -1 0
71 93 -1 0
70 93 -1 0
69 93 -1 0
68 93 -1 0
67 93 -1 0
66 93 -1 0
65 93 -1 0
469 92 -1 0
468 92 -1 0
467 92 -1 0
466 92 -1 0
465 92 -1 0
464 92 -1 0
463 92 -1 0
462 92 -1 0
461 92 -1 0
460 92 -1 0
459 92 -1 0
458 92 -1 0
457 92 -1 0
456 92 -1 0
217 92 -1 1
216 92 -1 1
215 92 -1 1
214 92 -1 1
213 92 -1 1
212 92 -1 1
211 92 -1 1
210 92 -1 1
209 92 -1 1
208 92 -1 1
207 92 -1 1
206 92 -1 1
205 92 -1 1
204 92 -1 1
203 92 -1 1
75 92 -1 0
74 92 -1 0
73 92 -1 0
72 92 -1 0
71 92 -1 0
70 92 -1 0
69 92 -1 0
68 92 -1 0
67 92 -1 0
66 92 -1 0
65 92 -1 0
468 91 -1 0
467 91 -1 0
466 91 -1 0
465 91 -1 0
464 91 -1 0
463 91 -1 0
462 91 -1 0
461 91 -1 0
460 91 -1 0
459 91 -1 0
458 91 -1 0
457 91 -1 0
456 91 -1 0
455 91 -1 0
216 91 -1 1
215 91 -1 1
214 91 -1 1
213 91 -1 1
212 91 -1 1
211 91 -1 1
210 91 -1 1
209 91 -1 1
208 91 -1 1
207 91 -1 1
206 91 -1 1
205 91 -1 1
204 91 -1 1
203 91 -1 1
75 91 -1 0
74 91 -1 0
73 91 -1 0
72 91 -1 0
71 91 -1 0
70 91 -1 0
69 91 -1 0
68 91 -1 0
67 91 -1 0
66 91 -1 0
65 91 -1 0
467 90 -1 0
466 90 -1 0
465 90 -1 0
464 90 -1 0
463 90 -1 0
462 90 -1 0
461 90 -1 0
460 90 -1 0
459 90 -1 0
458 90 -1 0
457 90 -1 0
456 90 -1 0
455 90 -1 0
454 90 -1 0
215 90 -1 1
214 90 -1 1
213 90 -1 1
212 90 -1 1
211 90 -1 1
210 90 -1 1
209 90 -1 1
208 90 -1 1
207 90 -1 1
206 90 -1 1
205 90 -1 1
204 90 -1 1
203 90 -1 1
202 90 -1 1
75 90 -1 0
74 90 -1 0
73 90 -1 0
72 90 -1 0
71 90 -1 0
70 90 -1 0
69 90 -1 0
68 90 -1 0
67 90 -1 0
66 90 -1 0
65 90 -1 0
466 89 -1 0
465 89 -1 0
464 89 -1 0
463 89 -1 0
462 89 -1 0
461 89 -1 0
460 89 -1 0
459 89 -1 0
458 89 -1 0
457 89 -1 0
456 89 -1 0
455 89 -1 0
454 89 -1 0
453 89 -1 0
214 89 -1 1
213 89 -1 1
212 89 -1 1
211 89 -1 1
210 89 -1 1
209 89 -1 1
208 89 -1 1
207 89 -1 1
206 89 -1 1
205 89 -1 1
204 89 -1 1
203 89 -1 1
202 89 -1 1
201 89 -1 1
75 89 -1 0
74 89 -1 0
73 89 -1 0
72 89 -1 0
71 89 -1 0
70 89 -1 0
69 89 -1 0
68 89 -1 0
67 89 -1 0
66 89 -1 0
65 89 -1 0
466 88 -1 0
465 88 -1 0
464 88 -1 0
463 88 -1 0
462 88 -1 0
461 88 -1 0
460 88 -1 0
459 88 -1 0
458 88 -1 0
457 88 -1 0
456 88 -1 0
455 88 -1 0
454 88 -1 0
453 88 -1 0
452 88 -1 0
213 88 -1 1
212 88 -1 1
211 88 -1 1
210 88 -1 1
209 88 -1 1
208 88 -1 1
207 88 -1 1
206 88 -1 1
205 88 -1 1
204 88 -1 1
203 88 -1 1
202 88 -1 1
201 88 -1 1
200 88 -1 1
75 88 -1 0
74 88 -1 0
73 88 -1 0
72 88 -1 0
71 88 -1 0
70 88 -1 0
69 88 -1 0
68 88 -1 0
67 88 -1 0
66 88 -1 0
65 88 -1 0
465 87 -1 0
464 87 -1 0
463 87 -1 0
462 87 -1 0
461 87 -1 0
460 87 -1 0
459 87 -1 0
458 87 -1 0
457 87 -1 0
456 87 -1 0
455 87 -1 0
454 87 -1 0
453 87 -1 0
452 87 -1 0
451 87 -1 0
212 87 -1 1
211 87 -1 1
210 87 -1 1
209 87 -1 1
208 87 -1 1
207 87 -1 1
206 87 -1 1
205 87 -1 1
204 87 -1 1
203 87 -1 1
202 87 -1 1
201 87 -1 1
200 87 -1 1
199 87 -1 1
198 87 -1 1
75 87 -1 0
74 87 -1 0
73 87 -1 0
72 87 -1 0
71 87 -1 0
70 87 -1 0
69 87 -1 0
68 87 -1 0
67 87 -1 0
66 87 -1 0
65 87 -1 0
464 86 -1 0
463 86 -1 0
462 86 -1 0
461 86 -1 0
460 86 -1 0
459 86 -1 0
458 86 -1 0
457 86 -1 0
456 86 -1 0
455 86 -1 0
454 86 -1 0
453 86 -1 0
452 86 -1 0
451 86 -1 0
450 86 -1 0
211 86 -1 1
210 86 -1 1
209 86 -1 1
208 86 -1 1
207 86 -1 1
206 86 -1 1
205 86 -1 1
204 86 -1 1
203 86 -1 1
202 86 -1 1
201 86 -1 1
200 86 -1 1
199 86 -1 1
198 86 -1 1
197 86 -1 1
75 86 -1 0
74 86 -1 0
73 86 -1 0
72 86 -1 0
71 86 -1 0
70 86 -1 0
69 86 -1 0
68 86 -1 0
67 86 -1 0
66 86 -1 0
65 86 -1 0
463 85 -1 0
462 85 -1 0
461 85 -1 0
460 85 -1 0
459 85 -1 0
458 85 -1 0
457 85 -1 0
456 85 -1 0
455 85 -1 0
454 85 -1 0
453 85 -1 0
452 85 -1 0
451 85 -1 0
450 85 -1 0
449 85 -1 0
211 85 -1 1
210 85 -1 1
209 85 -1 1
208 85 -1 1
207 85 -1 1
206 85 -1 1
205 85 -1 1
204 85 -1 1
203 85 -1 1
202 85 -1 1
201 85 -1 1
200 85 -1 1
199 85 -1 1
198 85 -1 1
197 85 -1 1
75 85 -1 0
74 85 -1 0
73 85 -1 0
72 85 -1 0
71 85 -1 0
70 85 -1 0
69 85 -1 0
68 85 -1 0
67 85 -1 0
66 85 -1 0
65 85 -1 0
462 84 -1 0
461 84 -1 0
460 84 -1 0
459 84 -1 0
458 84 -1 0
457 84 -1 0
456 84 -1 0
455 84 -1 0
454 84 -1 0
453 84 -1 0
452 84 -1 0
451 84 -1 0
450 84 -1 0
449 84 -1 0
448 84 -1 0
210 84 -1 1
209 84 -1 1
208 84 -1 1
207 84 -1 1
206 84 -1 1
205 84 -1 1
204 84 -1 1
203 84 -1 1
202 84 -1 1
201 84 -1 1
200 84 -1 1
199 84 -1 1
198 84 -1 1
197 84 -1 1
75 84 -1 0
74 84 -1 0
73 84 -1 0
72 84 -1 0
71 84 -1 0
70 84 -1 0
69 84 -1 0
68 84 -1 0
67 84 -1 0
66 84 -1 0
65 84 -1 0
461 83 -1 0
460 83 -1 0
459 83 -1 0
458 83 -1 0
457 83 -1 0
456 83 -1 0
455 83 -1 0
454 83 -1 0
453 83 -1 0
452 83 -1 0
451 83 -1 0
450 83 -1 0
449 83 -1 0
448 83 -1 0
447 83 -1 0
209 83 -1 1
208 83 -1 1
207 83 -1 1
206 83 -1 1
205 83 -1 1
204 83 -1 1
203 83 -1 1
202 83 -1 1
201 83 -1 1
200 83 -1 1
199 83 -1 1
198 83 -1 1
197 83 -1 1
196 83 -1 1
75 83 -1 0
74 83 -1 0
73 83 -1 0
72 83 -1 0
71 83 -1 0
70 83 -1 0
69 83 -1 0
68 83 -1 0
67 83 -1 0
66 83 -1 0
65 83 -1 0
460 82 -1 0
459 82 -1 0
458 82 -1 0
457 82 -1 0
456 82 -1 0
455 82 -1 0
454 82 -1 0
453 82 -1 0
452 82 -1 0
451 82 -1 0
450 82 -1 0
449 82 -1 0
448 82 -1 0
447 82 -1 0
446 82 -1 0
208 82 -1 1
207 82 -1 1
206 82 -1 1
205 82 -1 1
204 82 -1 1
203 82 -1 1
202 82 -1 1
201 82 -1 1
200 82 -1 1
199 82 -1 1
198 82 -1 1
197 82 -1 1
75 82 -1 0
74 82 -1 0
73 82 -1 0
72 82 -1 0
71 82 -1 0
70 82 -1 0
69 82 -1 0
68 82 -1 0
67 82 -1 0
66 82 -1 0
65 82 -1 0
459 81 -1 0
458 81 -1 0
457 81 -1 0
456 81 -1 0
455 81 -1 0
454 81 -1 0
453 81 -1 0
452 81 -1 0
451 81 -1 0
450 81 -1 0
449 81 -1 0
448 81 -1 0
447 81 -1 0
446 81 -1 0
445 81 -1 0
207 81 -1 1
206 81 -1 1
205 81 -1 1
204 81 -1 1
203 81 -1 1
202 81 -1 1
201 81 -1 1
200 81 -1 1
199 81 -1 1
198 81 -1 1
197 81 -1 1
75 81 -1 0
74 81 -1 0
73 81 -1 0
72 81 -1 0
71 81 -1 0
70 81 -1 0
69 81 -1 0
68 81 -1 0
67 81 -1 0
66 81 -1 0
65 81 -1 0
458 80 -1 0
457 80 -1 0
456 80 -1 0
455 80 -1 0
454 80 -1 0
453 80 -1 0
452 80 -1 0
451 80 -1 0
450 80 -1 0
449 80 -1 0
448 80 -1 0
447 80 -1 0
446 80 -1 0
445 80 -1 0
444 80 -1 0
206 80 -1 1
205 80 -1 1
204 80 -1 1
203 80 -1 1
202 80 -1 1
201 80 -1 1
200 80 -1 1
199 80 -1 1
198 80 -1 1
197 80 -1 1
75 80 -1 0
74 80 -1 0
73 80 -1 0
72 80 -1 0
71 80 -1 0
70 80 -1 0
69 80 -1 0
68 80 -1 0
67 80 -1 0
66 80 -1 0
65 80 -1 0
457 79 -1 0
456 79 -1 0
455 79 -1 0
454 79 -1 0
453 79 -1 0
452 79 -1 0
451 79 -1 0
450 79 -1 0
449 79 -1 0
448 79 -1 0
447 79 -1 0
446 79 -1 0
445 79 -1 0
444 79 -1 0
443 79 -1 0
205 79 -1 1
204 79 -1 1
203 79 -1 1
202 79 -1 1
201 79 -1 1
200 79 -1 1
199 79 -1 1
198 79 -1 1
75 79 -1 0
74 79 -1 0
73 79 -1 0
72 79 -1 0
71 79 -1 0
70 79 -1 0
69 79 -1 0
68 79 -1 0
67 79 -1 0
66 79 -1 0
65 79 -1 0
456 78 -1 0
455 78 -1 0
454 78 -1 0
453 78 -1 0
452 78 -1 0
451 78 -1 0
450 78 -1 0
449 78 -1 0
448 78 -1 0
447 78 -1 0
446 78 -1 0
445 78 -1 0
444 78 -1 0
443 78 -1 0
442 78 -1 0
202 78 -1 1
201 78 -1 1
75 78 -1 0
74 78 -1 0
73 78 -1 0
72 78 -1 0
71 78 -1 0
70 78 -1 0
69 78 -1 0
68 78 -1 0
67 78 -1 0
66 78 -1 0
65 78 -1 0
455 77 -1 0
454 77 -1 0
453 77 -1 0
452 77 -1 0
451 77 -1 0
450 77 -1 0
449 77 -1 0
448 77 -1 0
447 77 -1 0
446 77 -1 0
445 77 -1 0
444 77 -1 0
443 77 -1 0
442 77 -1 0
441 77 -1 0
74 77 -1 0
73 77 -1 0
72 77 -1 0
71 77 -1 0
70 77 -1 0
69 77 -1 0
68 77 -1 0
67 77 -1 0
66 77 -1 0
65 77 -1 0
64 77 -1 0
454 76 -1 0
453 76 -1 0
452 76 -1 0
451 76 -1 0
450 76 -1 0
449 76 -1 0
448 76 -1 0
447 76 -1 0
446 76 -1 0
445 76 -1 0
444 76 -1 0
443 76 -1 0
442 76 -1 0
441 76 -1 0
440 76 -1 0
74 76 -1 0
73 76 -1 0
72 76 -1 0
71 76 -1 0
70 76 -1 0
69 76 -1 0
68 76 -1 0
67 76 -1 0
66 76 -1 0
65 76 -1 0
64 76 -1 0
453 75 -1 0
452 75 -1 0
451 75 -1 0
450 75 -1 0
449 75 -1 0
448 75 -1 0
447 75 -1 0
446 75 -1 0
445 75 -1 0
444 75 -1 0
443 75 -1 0
442 75 -1 0
441 75 -1 0
440 75 -1 0
439 75 -1 0
74 75 -1 0
73 75 -1 0
72 75 -1 0
71 75 -1 0
70 75 -1 0
69 75 -1 0
68 75 -1 0
67 75 -1 0
66 75 -1 0
65 75 -1 0
64 75 -1 0
452 74 -1 0
451 74 -1 0
450 74 -1 0
449 74 -1 0
448 74 -1 0
447 74 -1 0
446 74 -1 0
445 74 -1 0
444 74 -1 0
443 74 -1 0
442 74 -1 0
441 74 -1 0
440 74 -1 0
439 74 -1 0
438 74 -1 0
74 74 -1 0
73 74 -1 0
72 74 -1 0
71 74 -1 0
70 74 -1 0
69 74 -1 0
68 74 -1 0
67 74 -1 0
66 74 -1 0
65 74 -1 0
64 74 -1 0
451 73 -1 0
450 73 -1 0
449 73 -1 0
448 73 -1 0
447 73 -1 0
446 73 -1 0
445 73 -1 0
444 73 -1 0
443 73 -1 0
442 73 -1 0
441 73 -1 0
440 73 -1 0
439 73 -1 0
438 73 -1 0
437 73 -1 0
74 73 -1 0
73 73 -1 0
72 73 -1 0
71 73 -1 0
70 73 -1 0
69 73 -1 0
68 73 -1 0
67 73 -1 0
66 73 -1 0
65 73 -1 0
64 73 -1 0
450 72 -1 0
449 72 -1 0
448 72 -1 0
447 72 -1 0
446 72 -1 0
445 72 -1 0
444 72 -1 0
443 72 -1 0
442 72 -1 0
441 72 -1 0
440 72 -1 0
439 72 -1 0
438 72 -1 0
437 72 -1 0
436 72 -1 0
435 72 -1 0
74 72 -1 0
73 72 -1 0
72 72 -1 0
71 72 -1 0
70 72 -1 0
69 72 -1 0
68 72 -1 0
67 72 -1 0
66 72 -1 0
65 72 -1 0
64 72 -1 0
449 71 -1 0
448 71 -1 0
447 71 -1 0
446 71 -1 0
445 71 -1 0
444 71 -1 0
443 71 -1 0
442 71 -1 0
441 71 -1 0
440 71 -1 0
439 71 -1 0
438 71 -1 0
437 71 -1 0
436 71 -1 0
435 71 -1 0
434 71 -1 0
74 71 -1 0
73 71 -1 0
72 71 -1 0
71 71 -1 0
70 71 -1 0
69 71 -1 0
68 71 -1 0
67 71 -1 0
66 71 -1 0
65 71 -1 0
64 71 -1 0
448 70 -1 0
447 70 -1 0
446 70 -1 0
445 70 -1 0
444 70 -1 0
443 70 -1 0
442 70 -1 0
441 70 -1 0
440 70 -1 0
439 70 -1 0
438 70 -1 0
437 70 -1 0
436 70 -1 0
435 70 -1 0
434 70 -1 0
433 70 -1 0
74 70 -1 0
73 70 -1 0
72 70 -1 0
71 70 -1 0
70 70 -1 0
69 70 -1 0
68 70 -1 0
67 70 -1 0
66 70 -1 0
65 70 -1 0
64 70 -1 0
447 69 -1 0
446 69 -1 0
445 69 -1 0
444 69 -1 0
443 69 -1 0
442 69 -1 0
441 69 -1 0
440 69 -1 0
439 69 -1 0
438 69 -1 0
437 69 -1 0
436 69 -1 0
435 69 -1 0
434 69 -1 0
433 69 -1 0
432 69 -1 0
74 69 -1 0
73 69 -1 0
72 69 -1 0
71 69 -1 0
70 69 -1 0
69 69 -1 0
68 69 -1 0
67 69 -1 0
66 69 -1 0
65 69 -1 0
64 69 -1 0
446 68 -1 0
445 68 -1 0
444 68 -1 0
443 68 -1 0
442 68 -1 0
441 68 -1 0
440 68 -1 0
439 68 -1 0
438 68 -1 0
437 68 -1 0
436 68 -1 0
435 68 -1 0
434 68 -1 0
433 68 -1 0
432 68 -1 0
431 68 -1 0
74 68 -1 0
73 68 -1 0
72 68 -1 0
71 68 -1 0
70 68 -1 0
69 68 -1 0
68 68 -1 0
67 68 -1 0
66 68 -1 0
65 68 -1 0
64 68 -1 0
445 67 -1 0
444 67 -1 0
443 67 -1 0
442 67 -1 0
441 67 -1 0
440 67 -1 0
439 67 -1 0
438 67 -1 0
437 67 -1 0
436 67 -1 0
435 67 -1 0
434 67 -1 0
433 67 -1 0
432 67 -1 0
431 67 -1 0
430 67 -1 0
74 67 -1 0
73 67 -1 0
72 67 -1 0
71 67 -1 0
70 67 -1 0
69 67 -1 0
68 67 -1 0
67 67 -1 0
66 67 -1 0
65 67 -1 0
64 67 -1 0
444 66 -1 0
443 66 -1 0
442 66 -1 0
441 66 -1 0
440 66 -1 0
439 66 -1 0
438 66 -1 0
437 66 -1 0
436 66 -1 0
435 66 -1 0
434 66 -1 0
433 66 -1 0
432 66 -1 0
431 66 -1 0
430 66 -1 0
429 66 -1 0
74 66 -1 0
73 66 -1 0
72 66 -1 0
71 66 -1 0
70 66 -1 0
69 66 -1 0
68 66 -1 0
67 66 -1 0
66 66 -1 0
65 66 -1 0
64 66 -1 0
443 65 -1 0
442 65 -1 0
441 65 -1 0
440 65 -1 0
439 65 -1 0
438 65 -1 0
437 65 -1 0
436 65 -1 0
435 65 -1 0
434 65 -1 0
433 65 -1 0
432 65 -1 0
431 65 -1 0
430 65 -1 0
429 65 -1 0
428 65 -1 0
74 65 -1 0
73 65 -1 0
72 65 -1 0
71 65 -1 0
70 65 -1 0
69 65 -1 0
68 65 -1 0
67 65 -1 0
66 65 -1 0
65 65 -1 0
64 65 -1 0
442 64 -1 0
441 64 -1 0
440 64 -1 0
439 64 -1 0
438 64 -1 0
437 64 -1 0
436 64 -1 0
435 64 -1 0
434 64 -1 0
433 64 -1 0
432 64 -1 0
431 64 -1 0
430 64 -1 0
429 64 -1 0
428 64 -1 0
427 64 -1 0
74 64 -1 0
73 64 -1 0
72 64 -1 0
71 64 -1 0
70 64 -1 0
69 64 -1 0
68 64 -1 0
67 64 -1 0
66 64 -1 0
65 64 -1 0
64 64 -1 0
440 63 -1 0
439 63 -1 0
438 63 -1 0
437 63 -1 0
436 63 -1 0
435 63 -1 0
434 63 -1 0
433 63 -1 0
432 63 -1 0
431 63 -1 0
430 63 -1 0
429 63 -1 0
428 63 -1 0
427 63 -1 0
426 63 -1 0
74 63 -1 0
73 63 -1 0
72 63 -1 0
71 63 -1 0
70 63 -1 0
69 63 -1 0
68 63 -1 0
67 63 -1 0
66 63 -1 0
65 63 -1 0
64 63 -1 0
439 62 -1 0
438 62 -1 0
437 62 -1 0
436 62 -1 0
435 62 -1 0
434 62 -1 0
433 62 -1 0
432 62 -1 0
431 62 -1 0
430 62 -1 0
429 62 -1 0
428 62 -1 0
427 62 -1 0
426 62 -1 0
425 62 -1 0
74 62 -1 0
73 62 -1 0
72 62 -1 0
71 62 -1 0
70 62 -1 0
69 62 -1 0
68 62 -1 0
67 62 -1 0
66 62 -1 0
65 62 -1 0
64 62 -1 0
438 61 -1 0
437 61 -1 0
436 61 -1 0
435 61 -1 0
434 61 -1 0
433 61 -1 0
432 61 -1 0
431 61 -1 0
430 61 -1 0
429 61 -1 0
428 61 -1 0
427 61 -1 0
426 61 -1 0
425 61 -1 0
424 61 -1 0
423 61 -1 0
74 61 -1 0
73 61 -1 0
72 61 -1 0
71 61 -1 0
70 61 -1 0
69 61 -1 0
68 61 -1 0
67 61 -1 0
66 61 -1 0
65 61 -1 0
64 61 -1 0
437 60 -1 0
436 60 -1 0
435 60 -1 0
434 60 -1 0
433 60 -1 0
432 60 -1 0
431 60 -1 0
430 60 -1 0
429 60 -1 0
428 60 -1 0
427 60 -1 0
426 60 -1 0
425 60 -1 0
424 60 -1 0
423 60 -1 0
422 60 -1 0
74 60 -1 0
73 60 -1 0
72 60 -1 0
71 60 -1 0
70 60 -1 0
69 60 -1 0
68 60 -1 0
67 60 -1 0
66 60 -1 0
65 60 -1 0
64 60 -1 0
436 59 -1 0
435 59 -1 0
434 59 -1 0
433 59 -1 0
432 59 -1 0
431 59 -1 0
430 59 -1 0
429 59 -1 0
428 59 -1 0
427 59 -1 0
426 59 -1 0
425 59 -1 0
424 59 -1 0
423 59 -1 0
422 59 -1 0
74 59 -1 0
73 59 -1 0
72 59 -1 0
71 59 -1 0
70 59 -1 0
69 59 -1 0
68 59 -1 0
67 59 -1 0
66 59 -1 0
65 59 -1 0
64 59 -1 0
435 58 -1 0
434 58 -1 0
433 58 -1 0
432 58 -1 0
431 58 -1 0
430 58 -1 0
429 58 -1 0
428 58 -1 0
427 58 -1 0
426 58 -1 0
425 58 -1 0
424 58 -1 0
423 58 -1 0
422 58 -1 0
75 58 -1 0
74 58 -1 0
73 58 -1 0
72 58 -1 0
71 58 -1 0
70 58 -1 0
69 58 -1 0
68 58 -1 0
67 58 -1 0
66 58 -1 0
65 58 -1 0
434 57 -1 0
433 57 -1 0
432 57 -1 0
431 57 -1 0
430 57 -1 0
429 57 -1 0
428 57 -1 0
427 57 -1 0
426 57 -1 0
425 57 -1 0
424 57 -1 0
423 57 -1 0
422 57 -1 0
421 57 -1 0
75 57 -1 0
74 57 -1 0
73 57 -1 0
72 57 -1 0
71 57 -1 0
70 57 -1 0
69 57 -1 0
68 57 -1 0
67 57 -1 0
66 57 -1 0
65 57 -1 0
433 56 -1 0
432 56 -1 0
431 56 -1 0
430 56 -1 0
429 56 -1 0
428 56 -1 0
427 56 -1 0
426 56 -1 0
425 56 -1 0
424 56 -1 0
423 56 -1 0
422 56 -1 0
75 56 -1 0
74 56 -1 0
73 56 -1 0
72 56 -1 0
71 56 -1 0
70 56 -1 0
69 56 -1 0
68 56 -1 0
67 56 -1 0
66 56 -1 0
65 56 -1 0
432 55 -1 0
431 55 -1 0
430 55 -1 0
429 55 -1 0
428 55 -1 0
427 55 -1 0
426 55 -1 0
425 55 -1 0
424 55 -1 0
423 55 -1 0
422 55 -1 0
76 55 -1 0
75 55 -1 0
74 55 -1 0
73 55 -1 0
72 55 -1 0
71 55 -1 0
70 55 -1 0
69 55 -1 0
68 55 -1 0
67 55 -1 0
66 55 -1 0
431 54 -1 0
430 54 -1 0
429 54 -1 0
428 54 -1 0
427 54 -1 0
426 54 -1 0
425 54 -1 0
424 54 -1 0
423 54 -1 0
422 54 -1 0
76 54 -1 0
75 54 -1 0
74 54 -1 0
73 54 -1 0
72 54 -1 0
71 54 -1 0
70 54 -1 0
69 54 -1 0
68 54 -1 0
67 54 -1 0
66 54 -1 0
430 53 -1 0
429 53 -1 0
428 53 -1 0
427 53 -1 0
426 53 -1 0
425 53 -1 0
424 53 -1 0
423 53 -1 0
76 53 -1 0
75 53 -1 0
74 53 -1 0
73 53 -1 0
72 53 -1 0
71 53 -1 0
70 53 -1 0
69 53 -1 0
68 53 -1 0
67 53 -1 0
66 53 -1 0
427 52 -1 0
426 52 -1 0
77 52 -1 0
76 52 -1 0
75 52 -1 0
74 52 -1 0
73 52 -1 0
72 52 -1 0
71 52 -1 0
70 52 -1 0
69 52 -1 0
68 52 -1 0
67 52 -1 0
77 51 -1 0
76 51 -1 0
75 51 -1 0
74 51 -1 0
73 51 -1 0
72 51 -1 0
71 51 -1 0
70 51 -1 0
69 51 -1 0
68 51 -1 0
67 51 -1 0
77 50 -1 0
76 50 -1 0
75 50 -1 0
74 50 -1 0
73 50 -1 0
72 50 -1 0
71 50 -1 0
70 50 -1 0
69 50 -1 0
68 50 -1 0
67 50 -1 0
78 49 -1 0
77 49 -1 0
76 49 -1 0
75 49 -1 0
74 49 -1 0
73 49 -1 0
72 49 -1 0
71 49 -1 0
70 49 -1 0
69 49 -1 0
68 49 -1 0
77 48 -1 0
76 48 -1 0
75 48 -1 0
74 48 -1 0
73 48 -1 0
72 48 -1 0
71 48 -1 0
70 48 -1 0
69 48 -1 0
68 48 -1 0
77 47 -1 0
76 47 -1 0
75 47 -1 0
74 47 -1 0
73 47 -1 0
72 47 -1 0
71 47 -1 0
70 47 -1 0
69 47 -1 0
68 47 -1 0
77 46 -1 0
76 46 -1 0
75 46 -1 0
74 46 -1 0
73 46 -1 0
72 46 -1 0
71 46 -1 0
70 46 -1 0
69 46 -1 0
76 45 -1 0
75 45 -1 0
74 45 -1 0
73 45 -1 0
72 45 -1 0
71 45 -1 0
70 45 -1 0
73 44 -1 0
