1436 320 240
133 143 -1 0 0
132 143 -1 0 0
135 142 -1 0 0
134 142 -1 0 0
133 142 -1 0 0
132 142 -1 0 0
131 142 -1 0 0
130 142 -1 0 0
129 142 -1 0 0
128 142 -1 0 0
135 141 -1 0 0
134 141 -1 0 0
133 141 -1 0 0
132 141 -1 0 0
131 141 -1 0 0
130 141 -1 0 0
129 141 -1 0 0
128 141 -1 0 0
127 141 -1 0 0
126 141 -1 0 0
125 141 -1 0 0
124 141 -1 0 0
123 141 -1 0 0
122 141 -1 0 0
121 141 -1 0 0
120 141 -1 0 0
136 140 -1 0 0
135 140 -1 0 0
134 140 -1 0 0
133 140 -1 0 0
132 140 -1 0 0
131 140 -1 0 0
130 140 -1 0 0
129 140 -1 0 0
128 140 -1 0 0
127 140 -1 0 0
126 140 -1 0 0
125 140 -1 0 0
124 140 -1 0 0
123 140 -1 0 0
122 140 -1 0 0
121 140 -1 0 0
120 140 -1 0 0
119 140 -1 0 0
118 140 -1 0 0
117 140 -1 0 0
116 140 -1 0 0
135 139 -1 0 0
134 139 -1 0 0
133 139 -1 0 0
132 139 -1 0 0
131 139 -1 0 0
130 139 -1 0 0
129 139 -1 0 0
128 139 -1 0 0
127 139 -1 0 0
126 139 -1 0 0
125 139 -1 0 0
124 139 -1 0 0
123 139 -1 0 0
122 139 -1 0 0
121 139 -1 0 0
120 139 -1 0 0
119 139 -1 0 0
118 139 -1 0 0
117 139 -1 0 0
116 139 -1 0 0
115 139 -1 0 0
114 139 -1 0 0
135 138 -1 0 0
134 138 -1 0 0
133 138 -1 0 0
132 138 -1 0 0
131 138 -1 0 0
130 138 -1 0 0
129 138 -1 0 0
128 138 -1 0 0
127 138 -1 0 0
126 138 -1 0 0
125 138 -1 0 0
124 138 -1 0 0
123 138 -1 0 0
122 138 -1 0 0
121 138 -1 0 0
120 138 -1 0 0
119 138 -1 0 0
118 138 -1 0 0
117 138 -1 0 0
116 138 -1 0 0
115 138 -1 0 0
114 138 -1 0 0
134 137 -1 0 0
133 137 -1 0 0
132 137 -1 0 0
131 137 -1 0 0
130 137 -1 0 0
129 137 -1 0 0
128 137 -1 0 0
127 137 -1 0 0
126 137 -1 0 0
125 137 -1 0 0
124 137 -1 0 0
123 137 -1 0 0
122 137 -1 0 0
121 137 -1 0 0
120 137 -1 0 0
119 137 -1 0 0
118 137 -1 0 0
117 137 -1 0 0
116 137 -1 0 0
115 137 -1 0 0
114 137 -1 0 0
113 137 -1 0 0
132 136 -1 0 0
131 136 -1 0 0
130 136 -1 0 0
129 136 -1 0 0
128 136 -1 0 0
127 136 -1 0 0
126 136 -1 0 0
125 136 -1 0 0
124 136 -1 0 0
123 136 -1 0 0
122 136 -1 0 0
121 136 -1 0 0
120 136 -1 0 0
119 136 -1 0 0
118 136 -1 0 0
117 136 -1 0 0
116 136 -1 0 0
115 136 -1 0 0
114 136 -1 0 0
127 135 -1 0 0
126 135 -1 0 0
125 135 -1 0 0
124 135 -1 0 0
123 135 -1 0 0
122 135 -1 0 0
121 135 -1 0 0
120 135 -1 0 0
119 135 -1 0 0
118 135 -1 0 0
117 135 -1 0 0
116 135 -1 0 0
115 135 -1 0 0
114 135 -1 0 0
113 135 -1 0 0
119 134 -1 0 0
118 134 -1 0 0
117 134 -1 0 0
116 134 -1 0 0
115 134 -1 0 0
114 134 -1 0 0
118 133 -1 0 0
117 133 -1 0 0
116 133 -1 0 0
115 133 -1 0 0
114 133 -1 0 0
116 132 -1 0 0
53 98 -1 1 0
55 97 -1 1 0
54 97 -1 1 0
53 97 -1 1 0
52 97 -1 1 0
51 97 -1 1 0
55 96 -1 1 0
54 96 -1 1 0
53 96 -1 1 0
52 96 -1 1 0
51 96 -1 1 0
50 96 -1 1 0
56 95 -1 1 0
55 95 -1 1 0
54 95 -1 1 0
53 95 -1 1 0
52 95 -1 1 0
51 95 -1 1 0
50 95 -1 1 0
49 95 -1 1 0
48 95 -1 1 0
56 94 -1 1 0
55 94 -1 1 0
54 94 -1 1 0
53 94 -1 1 0
52 94 -1 1 0
51 94 -1 1 0
50 94 -1 1 0
49 94 -1 1 0
48 94 -1 1 0
47 94 -1 1 0
55 93 -1 1 0
54 93 -1 1 0
53 93 -1 1 0
52 93 -1 1 0
51 93 -1 1 0
50 93 -1 1 0
49 93 -1 1 0
48 93 -1 1 0
47 93 -1 1 0
46 93 -1 1 0
55 92 -1 1 0
54 92 -1 1 0
53 92 -1 1 0
52 92 -1 1 0
51 92 -1 1 0
50 92 -1 1 0
49 92 -1 1 0
48 92 -1 1 0
47 92 -1 1 0
46 92 -1 1 0
45 92 -1 1 0
53 91 -1 1 0
52 91 -1 1 0
51 91 -1 1 0
50 91 -1 1 0
49 91 -1 1 0
48 91 -1 1 0
47 91 -1 1 0
46 91 -1 1 0
45 91 -1 1 0
44 91 -1 1 0
52 90 -1 1 0
51 90 -1 1 0
50 90 -1 1 0
49 90 -1 1 0
48 90 -1 1 0
47 90 -1 1 0
46 90 -1 1 0
45 90 -1 1 0
44 90 -1 1 0
43 90 -1 1 0
42 90 -1 1 0
41 90 -1 1 0
50 89 -1 1 0
49 89 -1 1 0
48 89 -1 1 0
47 89 -1 1 0
46 89 -1 1 0
45 89 -1 1 0
44 89 -1 1 0
43 89 -1 1 0
42 89 -1 1 0
41 89 -1 1 0
40 89 -1 1 0
39 89 -1 1 0
49 88 -1 1 0
48 88 -1 1 0
47 88 -1 1 0
46 88 -1 1 0
45 88 -1 1 0
44 88 -1 1 0
43 88 -1 1 0
42 88 -1 1 0
41 88 -1 1 0
40 88 -1 1 0
39 88 -1 1 0
38 88 -1 1 0
48 87 -1 1 0
47 87 -1 1 0
46 87 -1 1 0
45 87 -1 1 0
44 87 -1 1 0
43 87 -1 1 0
42 87 -1 1 0
41 87 -1 1 0
40 87 -1 1 0
39 87 -1 1 0
38 87 -1 1 0
37 87 -1 1 0
36 87 -1 1 0
47 86 -1 1 0
46 86 -1 1 0
45 86 -1 1 0
44 86 -1 1 0
43 86 -1 1 0
42 86 -1 1 0
41 86 -1 1 0
40 86 -1 1 0
39 86 -1 1 0
38 86 -1 1 0
37 86 -1 1 0
36 86 -1 1 0
35 86 -1 1 0
45 85 -1 1 0
44 85 -1 1 0
43 85 -1 1 0
42 85 -1 1 0
41 85 -1 1 0
40 85 -1 1 0
39 85 -1 1 0
38 85 -1 1 0
37 85 -1 1 0
36 85 -1 1 0
35 85 -1 1 0
34 85 -1 1 0
43 84 -1 1 0
42 84 -1 1 0
41 84 -1 1 0
40 84 -1 1 0
39 84 -1 1 0
38 84 -1 1 0
37 84 -1 1 0
36 84 -1 1 0
35 84 -1 1 0
34 84 -1 1 0
41 83 -1 1 0
40 83 -1 1 0
39 83 -1 1 0
38 83 -1 1 0
37 83 -1 1 0
36 83 -1 1 0
35 83 -1 1 0
34 83 -1 1 0
33 83 -1 1 0
40 82 -1 1 0
39 82 -1 1 0
38 82 -1 1 0
37 82 -1 1 0
36 82 -1 1 0
35 82 -1 1 0
34 82 -1 1 0
33 82 -1 1 0
5 82 -1 0 0
39 81 -1 1 0
38 81 -1 1 0
37 81 -1 1 0
36 81 -1 1 0
35 81 -1 1 0
34 81 -1 1 0
33 81 -1 1 0
7 81 -1 0 0
6 81 -1 0 0
5 81 -1 0 0
4 81 -1 0 0
3 81 -1 0 0
39 80 -1 1 0
38 80 -1 1 0
37 80 -1 1 0
36 80 -1 1 0
35 80 -1 1 0
34 80 -1 1 0
33 80 -1 1 0
7 80 -1 0 0
6 80 -1 0 0
5 80 -1 0 0
4 80 -1 0 0
3 80 -1 0 0
39 79 -1 1 0
38 79 -1 1 0
37 79 -1 1 0
36 79 -1 1 0
35 79 -1 1 0
34 79 -1 1 0
33 79 -1 1 0
8 79 -1 0 0
7 79 -1 0 0
6 79 -1 0 0
5 79 -1 0 0
4 79 -1 0 0
3 79 -1 0 0
2 79 -1 0 0
39 78 -1 1 0
38 78 -1 1 0
37 78 -1 1 0
36 78 -1 1 0
35 78 -1 1 0
34 78 -1 1 0
33 78 -1 1 0
9 78 -1 0 0
8 78 -1 0 0
7 78 -1 0 0
6 78 -1 0 0
5 78 -1 0 0
4 78 -1 0 0
3 78 -1 0 0
2 78 -1 0 0
39 77 -1 1 0
38 77 -1 1 0
37 77 -1 1 0
36 77 -1 1 0
35 77 -1 1 0
34 77 -1 1 0
33 77 -1 1 0
10 77 -1 0 0
9 77 -1 0 0
8 77 -1 0 0
7 77 -1 0 0
6 77 -1 0 0
5 77 -1 0 0
4 77 -1 0 0
3 77 -1 0 0
39 76 -1 1 0
38 76 -1 1 0
37 76 -1 1 0
36 76 -1 1 0
35 76 -1 1 0
34 76 -1 1 0
33 76 -1 1 0
11 76 -1 0 0
10 76 -1 0 0
9 76 -1 0 0
8 76 -1 0 0
7 76 -1 0 0
6 76 -1 0 0
5 76 -1 0 0
4 76 -1 0 0
3 76 -1 0 0
39 75 -1 1 0
38 75 -1 1 0
37 75 -1 1 0
36 75 -1 1 0
35 75 -1 1 0
34 75 -1 1 0
33 75 -1 1 0
13 75 -1 0 0
12 75 -1 0 0
11 75 -1 0 0
10 75 -1 0 0
9 75 -1 0 0
8 75 -1 0 0
7 75 -1 0 0
6 75 -1 0 0
5 75 -1 0 0
4 75 -1 0 0
39 74 -1 1 0
38 74 -1 1 0
37 74 -1 1 0
36 74 -1 1 0
35 74 -1 1 0
34 74 -1 1 0
33 74 -1 1 0
13 74 -1 0 0
12 74 -1 0 0
11 74 -1 0 0
10 74 -1 0 0
9 74 -1 0 0
8 74 -1 0 0
7 74 -1 0 0
6 74 -1 0 0
5 74 -1 0 0
39 73 -1 1 0
38 73 -1 1 0
37 73 -1 1 0
36 73 -1 1 0
35 73 -1 1 0
34 73 -1 1 0
33 73 -1 1 0
14 73 -1 0 0
13 73 -1 0 0
12 73 -1 0 0
11 73 -1 0 0
10 73 -1 0 0
9 73 -1 0 0
8 73 -1 0 0
7 73 -1 0 0
6 73 -1 0 0
39 72 -1 1 0
38 72 -1 1 0
37 72 -1 1 0
36 72 -1 1 0
35 72 -1 1 0
34 72 -1 1 0
33 72 -1 1 0
14 72 -1 0 0
13 72 -1 0 0
12 72 -1 0 0
11 72 -1 0 0
10 72 -1 0 0
9 72 -1 0 0
8 72 -1 0 0
7 72 -1 0 0
39 71 -1 1 0
38 71 -1 1 0
37 71 -1 1 0
36 71 -1 1 0
35 71 -1 1 0
34 71 -1 1 0
33 71 -1 1 0
15 71 -1 0 0
14 71 -1 0 0
13 71 -1 0 0
12 71 -1 0 0
11 71 -1 0 0
10 71 -1 0 0
9 71 -1 0 0
8 71 -1 0 0
39 70 -1 1 0
38 70 -1 1 0
37 70 -1 1 0
36 70 -1 1 0
35 70 -1 1 0
34 70 -1 1 0
33 70 -1 1 0
15 70 -1 0 0
14 70 -1 0 0
13 70 -1 0 0
12 70 -1 0 0
11 70 -1 0 0
10 70 -1 0 0
9 70 -1 0 0
40 69 -1 1 0
39 69 -1 1 0
38 69 -1 1 0
37 69 -1 1 0
36 69 -1 1 0
35 69 -1 1 0
34 69 -1 1 0
15 69 -1 0 0
14 69 -1 0 0
13 69 -1 0 0
12 69 -1 0 0
11 69 -1 0 0
10 69 -1 0 0
9 69 -1 0 0
40 68 -1 1 0
39 68 -1 1 0
38 68 -1 1 0
37 68 -1 1 0
36 68 -1 1 0
35 68 -1 1 0
34 68 -1 1 0
16 68 -1 0 0
15 68 -1 0 0
14 68 -1 0 0
13 68 -1 0 0
12 68 -1 0 0
11 68 -1 0 0
10 68 -1 0 0
41 67 -1 1 0
40 67 -1 1 0
39 67 -1 1 0
38 67 -1 1 0
37 67 -1 1 0
36 67 -1 1 0
35 67 -1 1 0
34 67 -1 1 0
16 67 -1 0 0
15 67 -1 0 0
14 67 -1 0 0
13 67 -1 0 0
12 67 -1 0 0
11 67 -1 0 0
10 67 -1 0 0
41 66 -1 1 0
40 66 -1 1 0
39 66 -1 1 0
38 66 -1 1 0
37 66 -1 1 0
36 66 -1 1 0
35 66 -1 1 0
16 66 -1 0 0
15 66 -1 0 0
14 66 -1 0 0
13 66 -1 0 0
12 66 -1 0 0
11 66 -1 0 0
10 66 -1 0 0
41 65 -1 1 0
40 65 -1 1 0
39 65 -1 1 0
38 65 -1 1 0
37 65 -1 1 0
36 65 -1 1 0
35 65 -1 1 0
16 65 -1 0 0
15 65 -1 0 0
14 65 -1 0 0
13 65 -1 0 0
12 65 -1 0 0
11 65 -1 0 0
10 65 -1 0 0
42 64 -1 1 0
41 64 -1 1 0
40 64 -1 1 0
39 64 -1 1 0
38 64 -1 1 0
37 64 -1 1 0
36 64 -1 1 0
35 64 -1 1 0
16 64 -1 0 0
15 64 -1 0 0
14 64 -1 0 0
13 64 -1 0 0
12 64 -1 0 0
11 64 -1 0 0
10 64 -1 0 0
43 63 -1 1 0
42 63 -1 1 0
41 63 -1 1 0
40 63 -1 1 0
39 63 -1 1 0
38 63 -1 1 0
37 63 -1 1 0
36 63 -1 1 0
16 63 -1 0 0
15 63 -1 0 0
14 63 -1 0 0
13 63 -1 0 0
12 63 -1 0 0
11 63 -1 0 0
10 63 -1 0 0
43 62 -1 1 0
42 62 -1 1 0
41 62 -1 1 0
40 62 -1 1 0
39 62 -1 1 0
38 62 -1 1 0
37 62 -1 1 0
36 62 -1 1 0
16 62 -1 0 0
15 62 -1 0 0
14 62 -1 0 0
13 62 -1 0 0
12 62 -1 0 0
11 62 -1 0 0
10 62 -1 0 0
44 61 -1 1 0
43 61 -1 1 0
42 61 -1 1 0
41 61 -1 1 0
40 61 -1 1 0
39 61 -1 1 0
38 61 -1 1 0
37 61 -1 1 0
16 61 -1 0 0
15 61 -1 0 0
14 61 -1 0 0
13 61 -1 0 0
12 61 -1 0 0
11 61 -1 0 0
10 61 -1 0 0
44 60 -1 1 0
43 60 -1 1 0
42 60 -1 1 0
41 60 -1 1 0
40 60 -1 1 0
39 60 -1 1 0
38 60 -1 1 0
37 60 -1 1 0
16 60 -1 0 0
15 60 -1 0 0
14 60 -1 0 0
13 60 -1 0 0
12 60 -1 0 0
11 60 -1 0 0
10 60 -1 0 0
45 59 -1 1 0
44 59 -1 1 0
43 59 -1 1 0
42 59 -1 1 0
41 59 -1 1 0
40 59 -1 1 0
39 59 -1 1 0
16 59 -1 0 0
15 59 -1 0 0
14 59 -1 0 0
13 59 -1 0 0
12 59 -1 0 0
11 59 -1 0 0
10 59 -1 0 0
45 58 -1 1 0
44 58 -1 1 0
43 58 -1 1 0
42 58 -1 1 0
41 58 -1 1 0
40 58 -1 1 0
39 58 -1 1 0
16 58 -1 0 0
15 58 -1 0 0
14 58 -1 0 0
13 58 -1 0 0
12 58 -1 0 0
11 58 -1 0 0
10 58 -1 0 0
46 57 -1 1 0
45 57 -1 1 0
44 57 -1 1 0
43 57 -1 1 0
42 57 -1 1 0
41 57 -1 1 0
40 57 -1 1 0
16 57 -1 0 0
15 57 -1 0 0
14 57 -1 0 0
13 57 -1 0 0
12 57 -1 0 0
11 57 -1 0 0
10 57 -1 0 0
46 56 -1 1 0
45 56 -1 1 0
44 56 -1 1 0
43 56 -1 1 0
42 56 -1 1 0
41 56 -1 1 0
40 56 -1 1 0
16 56 -1 0 0
15 56 -1 0 0
14 56 -1 0 0
13 56 -1 0 0
12 56 -1 0 0
11 56 -1 0 0
10 56 -1 0 0
46 55 -1 1 0
45 55 -1 1 0
44 55 -1 1 0
43 55 -1 1 0
42 55 -1 1 0
41 55 -1 1 0
40 55 -1 1 0
16 55 -1 0 0
15 55 -1 0 0
14 55 -1 0 0
13 55 -1 0 0
12 55 -1 0 0
11 55 -1 0 0
10 55 -1 0 0
46 54 -1 1 0
45 54 -1 1 0
44 54 -1 1 0
43 54 -1 1 0
42 54 -1 1 0
41 54 -1 1 0
40 54 -1 1 0
16 54 -1 0 0
15 54 -1 0 0
14 54 -1 0 0
13 54 -1 0 0
12 54 -1 0 0
11 54 -1 0 0
10 54 -1 0 0
46 53 -1 1 0
45 53 -1 1 0
44 53 -1 1 0
43 53 -1 1 0
42 53 -1 1 0
41 53 -1 1 0
40 53 -1 1 0
16 53 -1 0 0
15 53 -1 0 0
14 53 -1 0 0
13 53 -1 0 0
12 53 -1 0 0
11 53 -1 0 0
10 53 -1 0 0
46 52 -1 1 0
45 52 -1 1 0
44 52 -1 1 0
43 52 -1 1 0
42 52 -1 1 0
41 52 -1 1 0
40 52 -1 1 0
16 52 -1 0 0
15 52 -1 0 0
14 52 -1 0 0
13 52 -1 0 0
12 52 -1 0 0
11 52 -1 0 0
10 52 -1 0 0
9 52 -1 0 0
46 51 -1 1 0
45 51 -1 1 0
44 51 -1 1 0
43 51 -1 1 0
42 51 -1 1 0
41 51 -1 1 0
40 51 -1 1 0
39 51 -1 1 0
15 51 -1 0 0
14 51 -1 0 0
13 51 -1 0 0
12 51 -1 0 0
11 51 -1 0 0
10 51 -1 0 0
9 51 -1 0 0
45 50 -1 1 0
44 50 -1 1 0
43 50 -1 1 0
42 50 -1 1 0
41 50 -1 1 0
40 50 -1 1 0
39 50 -1 1 0
15 50 -1 0 0
14 50 -1 0 0
13 50 -1 0 0
12 50 -1 0 0
11 50 -1 0 0
10 50 -1 0 0
9 50 -1 0 0
8 50 -1 0 0
45 49 -1 1 0
44 49 -1 1 0
43 49 -1 1 0
42 49 -1 1 0
41 49 -1 1 0
40 49 -1 1 0
39 49 -1 1 0
14 49 -1 0 0
13 49 -1 0 0
12 49 -1 0 0
11 49 -1 0 0
10 49 -1 0 0
9 49 -1 0 0
8 49 -1 0 0
45 48 -1 1 0
44 48 -1 1 0
43 48 -1 1 0
42 48 -1 1 0
41 48 -1 1 0
40 48 -1 1 0
39 48 -1 1 0
14 48 -1 0 0
13 48 -1 0 0
12 48 -1 0 0
11 48 -1 0 0
10 48 -1 0 0
9 48 -1 0 0
8 48 -1 0 0
7 48 -1 0 0
45 47 -1 1 0
44 47 -1 1 0
43 47 -1 1 0
42 47 -1 1 0
41 47 -1 1 0
40 47 -1 1 0
39 47 -1 1 0
14 47 -1 0 0
13 47 -1 0 0
12 47 -1 0 0
11 47 -1 0 0
10 47 -1 0 0
9 47 -1 0 0
8 47 -1 0 0
7 47 -1 0 0
6 47 -1 0 0
45 46 -1 1 0
44 46 -1 1 0
43 46 -1 1 0
42 46 -1 1 0
41 46 -1 1 0
40 46 -1 1 0
39 46 -1 1 0
38 46 -1 1 0
13 46 -1 0 0
12 46 -1 0 0
11 46 -1 0 0
10 46 -1 0 0
9 46 -1 0 0
8 46 -1 0 0
7 46 -1 0 0
6 46 -1 0 0
5 46 -1 0 0
44 45 -1 1 0
43 45 -1 1 0
42 45 -1 1 0
41 45 -1 1 0
40 45 -1 1 0
39 45 -1 1 0
38 45 -1 1 0
37 45 -1 1 0
13 45 -1 0 0
12 45 -1 0 0
11 45 -1 0 0
10 45 -1 0 0
9 45 -1 0 0
8 45 -1 0 0
7 45 -1 0 0
6 45 -1 0 0
5 45 -1 0 0
44 44 -1 1 0
43 44 -1 1 0
42 44 -1 1 0
41 44 -1 1 0
40 44 -1 1 0
39 44 -1 1 0
38 44 -1 1 0
37 44 -1 1 0
36 44 -1 1 0
11 44 -1 0 0
10 44 -1 0 0
9 44 -1 0 0
8 44 -1 0 0
7 44 -1 0 0
6 44 -1 0 0
5 44 -1 0 0
4 44 -1 0 0
43 43 -1 1 0
42 43 -1 1 0
41 43 -1 1 0
40 43 -1 1 0
39 43 -1 1 0
38 43 -1 1 0
37 43 -1 1 0
36 43 -1 1 0
11 43 -1 0 0
10 43 -1 0 0
9 43 -1 0 0
8 43 -1 0 0
7 43 -1 0 0
6 43 -1 0 0
5 43 -1 0 0
4 43 -1 0 0
42 42 -1 1 0
41 42 -1 1 0
40 42 -1 1 0
39 42 -1 1 0
38 42 -1 1 0
37 42 -1 1 0
36 42 -1 1 0
35 42 -1 1 0
10 42 -1 0 0
9 42 -1 0 0
8 42 -1 0 0
7 42 -1 0 0
6 42 -1 0 0
5 42 -1 0 0
4 42 -1 0 0
3 42 -1 0 0
41 41 -1 1 0
40 41 -1 1 0
39 41 -1 1 0
38 41 -1 1 0
37 41 -1 1 0
36 41 -1 1 0
35 41 -1 1 0
10 41 -1 0 0
9 41 -1 0 0
8 41 -1 0 0
7 41 -1 0 0
6 41 -1 0 0
5 41 -1 0 0
4 41 -1 0 0
3 41 -1 0 0
41 40 -1 1 0
40 40 -1 1 0
39 40 -1 1 0
38 40 -1 1 0
37 40 -1 1 0
36 40 -1 1 0
35 40 -1 1 0
9 40 -1 0 0
8 40 -1 0 0
7 40 -1 0 0
6 40 -1 0 0
5 40 -1 0 0
4 40 -1 0 0
3 40 -1 0 0
2 40 -1 0 0
41 39 -1 1 0
40 39 -1 1 0
39 39 -1 1 0
38 39 -1 1 0
37 39 -1 1 0
36 39 -1 1 0
35 39 -1 1 0
34 39 -1 1 0
9 39 -1 0 0
8 39 -1 0 0
7 39 -1 0 0
6 39 -1 0 0
5 39 -1 0 0
4 39 -1 0 0
3 39 -1 0 0
2 39 -1 0 0
40 38 -1 1 0
39 38 -1 1 0
38 38 -1 1 0
37 38 -1 1 0
36 38 -1 1 0
35 38 -1 1 0
34 38 -1 1 0
33 38 -1 1 0
8 38 -1 0 0
7 38 -1 0 0
6 38 -1 0 0
5 38 -1 0 0
4 38 -1 0 0
3 38 -1 0 0
2 38 -1 0 0
40 37 -1 1 0
39 37 -1 1 0
38 37 -1 1 0
37 37 -1 1 0
36 37 -1 1 0
35 37 -1 1 0
34 37 -1 1 0
33 37 -1 1 0
32 37 -1 1 0
8 37 -1 0 0
7 37 -1 0 0
6 37 -1 0 0
5 37 -1 0 0
4 37 -1 0 0
3 37 -1 0 0
2 37 -1 0 0
39 36 -1 1 0
38 36 -1 1 0
37 36 -1 1 0
36 36 -1 1 0
35 36 -1 1 0
34 36 -1 1 0
33 36 -1 1 0
32 36 -1 1 0
8 36 -1 0 0
7 36 -1 0 0
6 36 -1 0 0
5 36 -1 0 0
4 36 -1 0 0
3 36 -1 0 0
2 36 -1 0 0
38 35 -1 1 0
37 35 -1 1 0
36 35 -1 1 0
35 35 -1 1 0
34 35 -1 1 0
33 35 -1 1 0
32 35 -1 1 0
31 35 -1 1 0
8 35 -1 0 0
7 35 -1 0 0
6 35 -1 0 0
5 35 -1 0 0
4 35 -1 0 0
3 35 -1 0 0
2 35 -1 0 0
37 34 -1 1 0
36 34 -1 1 0
35 34 -1 1 0
34 34 -1 1 0
33 34 -1 1 0
32 34 -1 1 0
31 34 -1 1 0
30 34 -1 1 0
7 34 -1 0 0
6 34 -1 0 0
5 34 -1 0 0
4 34 -1 0 0
3 34 -1 0 0
2 34 -1 0 0
1 34 -1 0 0
37 33 -1 1 0
36 33 -1 1 0
35 33 -1 1 0
34 33 -1 1 0
33 33 -1 1 0
32 33 -1 1 0
31 33 -1 1 0
30 33 -1 1 0
7 33 -1 0 0
6 33 -1 0 0
5 33 -1 0 0
4 33 -1 0 0
3 33 -1 0 0
2 33 -1 0 0
1 33 -1 0 0
36 32 -1 1 0
35 32 -1 1 0
34 32 -1 1 0
33 32 -1 1 0
32 32 -1 1 0
31 32 -1 1 0
30 32 -1 1 0
29 32 -1 1 0
7 32 -1 0 0
6 32 -1 0 0
5 32 -1 0 0
4 32 -1 0 0
3 32 -1 0 0
2 32 -1 0 0
1 32 -1 0 0
36 31 -1 1 0
35 31 -1 1 0
34 31 -1 1 0
33 31 -1 1 0
32 31 -1 1 0
31 31 -1 1 0
30 31 -1 1 0
29 31 -1 1 0
7 31 -1 0 0
6 31 -1 0 0
5 31 -1 0 0
4 31 -1 0 0
3 31 -1 0 0
2 31 -1 0 0
1 31 -1 0 0
35 30 -1 1 0
34 30 -1 1 0
33 30 -1 1 0
32 30 -1 1 0
31 30 -1 1 0
30 30 -1 1 0
29 30 -1 1 0
28 30 -1 1 0
7 30 -1 0 0
6 30 -1 0 0
5 30 -1 0 0
4 30 -1 0 0
3 30 -1 0 0
2 30 -1 0 0
1 30 -1 0 0
34 29 -1 1 0
33 29 -1 1 0
32 29 -1 1 0
31 29 -1 1 0
30 29 -1 1 0
29 29 -1 1 0
28 29 -1 1 0
7 29 -1 0 0
6 29 -1 0 0
5 29 -1 0 0
4 29 -1 0 0
3 29 -1 0 0
2 29 -1 0 0
1 29 -1 0 0
34 28 -1 1 0
33 28 -1 1 0
32 28 -1 1 0
31 28 -1 1 0
30 28 -1 1 0
29 28 -1 1 0
28 28 -1 1 0
7 28 -1 0 0
6 28 -1 0 0
5 28 -1 0 0
4 28 -1 0 0
3 28 -1 0 0
2 28 -1 0 0
1 28 -1 0 0
33 27 -1 1 0
32 27 -1 1 0
31 27 -1 1 0
30 27 -1 1 0
29 27 -1 1 0
28 27 -1 1 0
27 27 -1 1 0
7 27 -1 0 0
6 27 -1 0 0
5 27 -1 0 0
4 27 -1 0 0
3 27 -1 0 0
2 27 -1 0 0
1 27 -1 0 0
33 26 -1 1 0
32 26 -1 1 0
31 26 -1 1 0
30 26 -1 1 0
29 26 -1 1 0
28 26 -1 1 0
27 26 -1 1 0
7 26 -1 0 0
6 26 -1 0 0
5 26 -1 0 0
4 26 -1 0 0
3 26 -1 0 0
2 26 -1 0 0
1 26 -1 0 0
33 25 -1 1 0
32 25 -1 1 0
31 25 -1 1 0
30 25 -1 1 0
29 25 -1 1 0
28 25 -1 1 0
27 25 -1 1 0
26 25 -1 1 0
7 25 -1 0 0
6 25 -1 0 0
5 25 -1 0 0
4 25 -1 0 0
3 25 -1 0 0
2 25 -1 0 0
1 25 -1 0 0
32 24 -1 1 0
31 24 -1 1 0
30 24 -1 1 0
29 24 -1 1 0
28 24 -1 1 0
27 24 -1 1 0
26 24 -1 1 0
25 24 -1 1 0
7 24 -1 0 0
6 24 -1 0 0
5 24 -1 0 0
4 24 -1 0 0
3 24 -1 0 0
2 24 -1 0 0
1 24 -1 0 0
32 23 -1 1 0
31 23 -1 1 0
30 23 -1 1 0
29 23 -1 1 0
28 23 -1 1 0
27 23 -1 1 0
26 23 -1 1 0
25 23 -1 1 0
7 23 -1 0 0
6 23 -1 0 0
5 23 -1 0 0
4 23 -1 0 0
3 23 -1 0 0
2 23 -1 0 0
1 23 -1 0 0
31 22 -1 1 0
30 22 -1 1 0
29 22 -1 1 0
28 22 -1 1 0
27 22 -1 1 0
26 22 -1 1 0
25 22 -1 1 0
24 22 -1 1 0
7 22 -1 0 0
6 22 -1 0 0
5 22 -1 0 0
4 22 -1 0 0
3 22 -1 0 0
2 22 -1 0 0
1 22 -1 0 0
30 21 -1 1 0
29 21 -1 1 0
28 21 -1 1 0
27 21 -1 1 0
26 21 -1 1 0
25 21 -1 1 0
24 21 -1 1 0
23 21 -1 1 0
7 21 -1 0 0
6 21 -1 0 0
5 21 -1 0 0
4 21 -1 0 0
3 21 -1 0 0
2 21 -1 0 0
1 21 -1 0 0
30 20 -1 1 0
29 20 -1 1 0
28 20 -1 1 0
27 20 -1 1 0
26 20 -1 1 0
25 20 -1 1 0
24 20 -1 1 0
23 20 -1 1 0
22 20 -1 1 0
21 20 -1 1 0
7 20 -1 0 0
6 20 -1 0 0
5 20 -1 0 0
4 20 -1 0 0
3 20 -1 0 0
2 20 -1 0 0
1 20 -1 0 0
29 19 -1 1 0
28 19 -1 1 0
27 19 -1 1 0
26 19 -1 1 0
25 19 -1 1 0
24 19 -1 1 0
23 19 -1 1 0
22 19 -1 1 0
21 19 -1 1 0
7 19 -1 0 0
6 19 -1 0 0
5 19 -1 0 0
4 19 -1 0 0
3 19 -1 0 0
2 19 -1 0 0
1 19 -1 0 0
29 18 -1 1 0
28 18 -1 1 0
27 18 -1 1 0
26 18 -1 1 0
25 18 -1 1 0
24 18 -1 1 0
23 18 -1 1 0
22 18 -1 1 0
21 18 -1 1 0
20 18 -1 1 0
7 18 -1 0 0
6 18 -1 0 0
5 18 -1 0 0
4 18 -1 0 0
3 18 -1 0 0
2 18 -1 0 0
1 18 -1 0 0
27 17 -1 1 0
26 17 -1 1 0
25 17 -1 1 0
24 17 -1 1 0
23 17 -1 1 0
22 17 -1 1 0
21 17 -1 1 0
20 17 -1 1 0
7 17 -1 0 0
6 17 -1 0 0
5 17 -1 0 0
4 17 -1 0 0
3 17 -1 0 0
2 17 -1 0 0
1 17 -1 0 0
26 16 -1 1 0
25 16 -1 1 0
24 16 -1 1 0
23 16 -1 1 0
22 16 -1 1 0
21 16 -1 1 0
20 16 -1 1 0
7 16 -1 0 0
6 16 -1 0 0
5 16 -1 0 0
4 16 -1 0 0
3 16 -1 0 0
2 16 -1 0 0
1 16 -1 0 0
26 15 -1 1 0
25 15 -1 1 0
24 15 -1 1 0
23 15 -1 1 0
22 15 -1 1 0
21 15 -1 1 0
20 15 -1 1 0
7 15 -1 0 0
6 15 -1 0 0
5 15 -1 0 0
4 15 -1 0 0
3 15 -1 0 0
2 15 -1 0 0
1 15 -1 0 0
26 14 -1 1 0
25 14 -1 1 0
24 14 -1 1 0
23 14 -1 1 0
22 14 -1 1 0
21 14 -1 1 0
20 14 -1 1 0
7 14 -1 0 0
6 14 -1 0 0
5 14 -1 0 0
4 14 -1 0 0
3 14 -1 0 0
2 14 -1 0 0
1 14 -1 0 0
26 13 -1 1 0
25 13 -1 1 0
24 13 -1 1 0
23 13 -1 1 0
22 13 -1 1 0
21 13 -1 1 0
20 13 -1 1 0
7 13 -1 0 0
6 13 -1 0 0
5 13 -1 0 0
4 13 -1 0 0
3 13 -1 0 0
2 13 -1 0 0
1 13 -1 0 0
26 12 -1 1 0
25 12 -1 1 0
24 12 -1 1 0
23 12 -1 1 0
22 12 -1 1 0
21 12 -1 1 0
20 12 -1 1 0
7 12 -1 0 0
6 12 -1 0 0
5 12 -1 0 0
4 12 -1 0 0
3 12 -1 0 0
2 12 -1 0 0
1 12 -1 0 0
26 11 -1 1 0
25 11 -1 1 0
24 11 -1 1 0
23 11 -1 1 0
22 11 -1 1 0
21 11 -1 1 0
20 11 -1 1 0
7 11 -1 0 0
6 11 -1 0 0
5 11 -1 0 0
4 11 -1 0 0
3 11 -1 0 0
2 11 -1 0 0
1 11 -1 0 0
26 10 -1 1 0
25 10 -1 1 0
24 10 -1 1 0
23 10 -1 1 0
22 10 -1 1 0
21 10 -1 1 0
20 10 -1 1 0
7 10 -1 0 0
6 10 -1 0 0
5 10 -1 0 0
4 10 -1 0 0
3 10 -1 0 0
2 10 -1 0 0
1 10 -1 0 0
25 9 -1 1 0
24 9 -1 1 0
23 9 -1 1 0
22 9 -1 1 0
21 9 -1 1 0
7 9 -1 0 0
6 9 -1 0 0
5 9 -1 0 0
4 9 -1 0 0
3 9 -1 0 0
2 9 -1 0 0
1 9 -1 0 0
25 8 -1 1 0
24 8 -1 1 0
23 8 -1 1 0
22 8 -1 1 0
21 8 -1 1 0
7 8 -1 0 0
6 8 -1 0 0
5 8 -1 0 0
4 8 -1 0 0
3 8 -1 0 0
2 8 -1 0 0
1 8 -1 0 0
23 7 -1 1 0
7 7 -1 0 0
6 7 -1 0 0
5 7 -1 0 0
4 7 -1 0 0
3 7 -1 0 0
2 7 -1 0 0
1 7 -1 0 0
6 6 -1 0 0
5 6 -1 0 0
4 6 -1 0 0
3 6 -1 0 0
2 6 -1 0 0
6 5 -1 0 0
5 5 -1 0 0
4 5 -1 0 0
3 5 -1 0 0
2 5 -1 0 0
4 4 -1 0 0
